MCS 	 CellCount 
0 	 1
10 	 1
20 	 1
30 	 1
40 	 1
50 	 1
60 	 1
70 	 1
80 	 1
90 	 1
100 	 1
110 	 1
120 	 1
130 	 1
140 	 1
150 	 1
160 	 1
170 	 1
180 	 1
190 	 1
200 	 1
210 	 1
220 	 1
230 	 1
240 	 1
250 	 1
260 	 1
270 	 1
280 	 1
290 	 1
300 	 1
310 	 1
320 	 1
330 	 2
340 	 2
350 	 2
360 	 2
370 	 2
380 	 2
390 	 2
400 	 2
410 	 2
420 	 2
430 	 2
440 	 2
450 	 2
460 	 2
470 	 2
480 	 2
490 	 2
500 	 2
510 	 2
520 	 2
530 	 2
540 	 2
550 	 2
560 	 2
570 	 2
580 	 2
590 	 2
600 	 2
610 	 2
620 	 2
630 	 2
640 	 2
650 	 3
660 	 4
670 	 4
680 	 4
690 	 4
700 	 4
710 	 4
720 	 4
730 	 4
740 	 4
750 	 4
760 	 4
770 	 4
780 	 4
790 	 4
800 	 4
810 	 4
820 	 4
830 	 4
840 	 4
850 	 4
860 	 4
870 	 4
880 	 4
890 	 4
900 	 4
910 	 4
920 	 5
930 	 6
940 	 7
950 	 8
960 	 8
970 	 8
980 	 8
990 	 8
1000 	 8
1010 	 8
1020 	 8
1030 	 8
1040 	 8
1050 	 8
1060 	 8
1070 	 8
1080 	 8
1090 	 8
1100 	 8
1110 	 8
1120 	 8
1130 	 8
1140 	 8
1150 	 8
1160 	 8
1170 	 8
1180 	 8
1190 	 8
1200 	 8
1210 	 8
1220 	 9
1230 	 10
1240 	 12
1250 	 15
1260 	 16
1270 	 16
1280 	 16
1290 	 16
1300 	 16
1310 	 16
1320 	 16
1330 	 16
1340 	 16
1350 	 16
1360 	 16
1370 	 16
1380 	 16
1390 	 16
1400 	 16
1410 	 16
1420 	 16
1430 	 16
1440 	 16
1450 	 16
1460 	 16
1470 	 16
1480 	 16
1490 	 16
1500 	 17
1510 	 19
1520 	 22
1530 	 25
1540 	 27
1550 	 27
1560 	 27
1570 	 28
1580 	 31
1590 	 32
1600 	 32
1610 	 32
1620 	 32
1630 	 32
1640 	 32
1650 	 32
1660 	 32
1670 	 32
1680 	 32
1690 	 32
1700 	 32
1710 	 32
1720 	 32
1730 	 32
1740 	 32
1750 	 32
1760 	 32
1770 	 32
1780 	 33
1790 	 33
1800 	 33
1810 	 34
1820 	 37
1830 	 39
1840 	 40
1850 	 44
1860 	 46
1870 	 50
1880 	 53
1890 	 59
1900 	 59
1910 	 60
1920 	 63
1930 	 64
1940 	 64
1950 	 64
1960 	 64
1970 	 64
1980 	 64
1990 	 64
2000 	 64
2010 	 64
2020 	 64
2030 	 64
2040 	 64
2050 	 64
2060 	 64
2070 	 65
2080 	 66
2090 	 67
2100 	 68
2110 	 69
2120 	 72
2130 	 73
2140 	 76
2150 	 80
2160 	 88
2170 	 94
2180 	 98
2190 	 105
2200 	 111
2210 	 113
2220 	 117
2230 	 118
2240 	 122
2250 	 124
2260 	 125
2270 	 128
2280 	 128
2290 	 128
2300 	 128
2310 	 128
2320 	 128
2330 	 128
2340 	 128
2350 	 128
2360 	 128
2370 	 129
2380 	 130
2390 	 133
2400 	 135
2410 	 136
2420 	 138
2430 	 143
2440 	 149
2450 	 152
2460 	 155
2470 	 159
2480 	 163
2490 	 168
2500 	 172
2510 	 182
2520 	 189
2530 	 197
2540 	 200
2550 	 205
2560 	 211
2570 	 219
2580 	 222
2590 	 228
2600 	 234
2610 	 236
2620 	 236
2630 	 238
2640 	 242
2650 	 246
2660 	 250
2670 	 255
2680 	 259
2690 	 262
2700 	 263
2710 	 265
2720 	 270
2730 	 273
2740 	 276
2750 	 282
2760 	 289
2770 	 293
2780 	 300
2790 	 310
2800 	 315
2810 	 321
2820 	 324
2830 	 329
2840 	 334
2850 	 341
2860 	 352
2870 	 357
2880 	 366
2890 	 371
2900 	 377
2910 	 383
2920 	 388
2930 	 392
2940 	 395
2950 	 403
2960 	 410
2970 	 415
2980 	 426
2990 	 441
3000 	 451
3010 	 457
3020 	 464
3030 	 477
3040 	 486
3050 	 495
3060 	 500
3070 	 510
3080 	 523
3090 	 536
3100 	 541
3110 	 558
3120 	 570
3130 	 592
3140 	 617
3150 	 624
3160 	 627
3170 	 627
3180 	 634
3190 	 642
3200 	 650
3210 	 659
3220 	 670
3230 	 676
3240 	 684
3250 	 689
3260 	 698
3270 	 703
3280 	 711
3290 	 721
3300 	 732
3310 	 745
3320 	 760
3330 	 767
3340 	 781
3350 	 789
3360 	 801
3370 	 812
3380 	 825
3390 	 839
3400 	 850
3410 	 860
3420 	 878
3430 	 896
3440 	 908
3450 	 916
3460 	 935
3470 	 952
3480 	 970
3490 	 983
3500 	 1001
3510 	 1017
3520 	 1033
3530 	 1053
3540 	 1070
3550 	 1085
3560 	 1106
3570 	 1120
3580 	 1141
3590 	 1162
3600 	 1181
3610 	 1203
3620 	 1218
3630 	 1237
3640 	 1257
3650 	 1275
3660 	 1291
3670 	 1310
3680 	 1334
3690 	 1364
3700 	 1383
3710 	 1400
3720 	 1409
3730 	 1422
3740 	 1432
3750 	 1438
3760 	 1447
3770 	 1458
3780 	 1466
3790 	 1474
3800 	 1480
3810 	 1500
3820 	 1512
3830 	 1522
3840 	 1530
3850 	 1540
3860 	 1550
3870 	 1559
3880 	 1566
3890 	 1575
3900 	 1588
3910 	 1597
3920 	 1602
3930 	 1608
3940 	 1615
3950 	 1626
3960 	 1633
3970 	 1644
3980 	 1652
3990 	 1654
4000 	 1656
4010 	 1659
4020 	 1663
4030 	 1668
4040 	 1671
4050 	 1677
4060 	 1678
4070 	 1682
4080 	 1687
4090 	 1689
4100 	 1696
4110 	 1701
4120 	 1705
4130 	 1708
4140 	 1711
4150 	 1712
4160 	 1715
4170 	 1719
4180 	 1722
4190 	 1726
4200 	 1731
4210 	 1736
4220 	 1742
4230 	 1745
4240 	 1748
4250 	 1750
4260 	 1752
4270 	 1753
4280 	 1753
4290 	 1755
4300 	 1756
4310 	 1758
4320 	 1762
4330 	 1768
4340 	 1774
4350 	 1780
4360 	 1787
4370 	 1794
4380 	 1803
4390 	 1811
4400 	 1818
4410 	 1829
4420 	 1839
4430 	 1846
4440 	 1855
4450 	 1859
4460 	 1863
4470 	 1866
4480 	 1868
4490 	 1868
4500 	 1869
4510 	 1872
4520 	 1875
4530 	 1877
4540 	 1878
4550 	 1880
4560 	 1883
4570 	 1887
4580 	 1892
4590 	 1899
4600 	 1907
4610 	 1915
4620 	 1923
4630 	 1930
4640 	 1937
4650 	 1942
4660 	 1948
4670 	 1959
4680 	 1972
4690 	 1987
4700 	 2003
4710 	 2019
4720 	 2032
4730 	 2047
4740 	 2066
4750 	 2082
4760 	 2100
4770 	 2119
4780 	 2139
4790 	 2161
4800 	 2184
4810 	 2203
4820 	 2224
4830 	 2241
4840 	 2255
4850 	 2267
4860 	 2285
4870 	 2304
4880 	 2326
4890 	 2353
4900 	 2384
4910 	 2423
4920 	 2461
4930 	 2505
4940 	 2557
4950 	 2616
4960 	 2666
4970 	 2725
4980 	 2791
4990 	 2866
5000 	 2931
5010 	 3009
5020 	 3074
5030 	 3135
5040 	 3183
5050 	 3241
5060 	 3300
5070 	 3372
5080 	 3415
5090 	 3435
5100 	 3443
5110 	 3452
5120 	 3459
5130 	 3461
5140 	 3467
5150 	 3467
5160 	 3468
5170 	 3470
5180 	 3472
5190 	 3475
5200 	 3476
5210 	 3477
5220 	 3479
5230 	 3479
5240 	 3480
5250 	 3480
5260 	 3480
5270 	 3480
5280 	 3481
5290 	 3483
5300 	 3483
5310 	 3483
5320 	 3483
5330 	 3483
5340 	 3483
5350 	 3483
5360 	 3483
5370 	 3483
5380 	 3484
5390 	 3486
5400 	 3486
5410 	 3486
5420 	 3486
5430 	 3487
5440 	 3489
5450 	 3489
5460 	 3488
5470 	 3487
5480 	 3487
5490 	 3487
5500 	 3487
5510 	 3485
5520 	 3485
5530 	 3484
5540 	 3485
5550 	 3485
5560 	 3484
5570 	 3484
5580 	 3483
5590 	 3482
5600 	 3484
5610 	 3484
5620 	 3480
5630 	 3477
5640 	 3474
5650 	 3474
5660 	 3469
5670 	 3470
5680 	 3469
5690 	 3465
5700 	 3465
5710 	 3464
5720 	 3466
5730 	 3472
5740 	 3478
5750 	 3484
5760 	 3488
5770 	 3495
5780 	 3502
5790 	 3500
5800 	 3500
5810 	 3501
5820 	 3494
5830 	 3492
5840 	 3490
5850 	 3493
5860 	 3493
5870 	 3498
5880 	 3501
5890 	 3496
5900 	 3488
5910 	 3480
5920 	 3477
5930 	 3463
5940 	 3447
5950 	 3432
5960 	 3415
5970 	 3385
5980 	 3365
5990 	 3342
6000 	 3328
6010 	 3305
6020 	 3272
6030 	 3251
6040 	 3240
6050 	 3224
6060 	 3211
6070 	 3204
6080 	 3196
6090 	 3189
6100 	 3184
6110 	 3181
6120 	 3174
6130 	 3170
6140 	 3166
6150 	 3159
6160 	 3155
6170 	 3143
6180 	 3138
6190 	 3126
6200 	 3116
6210 	 3107
6220 	 3100
6230 	 3097
6240 	 3088
6250 	 3072
6260 	 3067
6270 	 3064
6280 	 3065
6290 	 3054
6300 	 3046
6310 	 3043
6320 	 3038
6330 	 3045
6340 	 3049
6350 	 3054
6360 	 3051
6370 	 3058
6380 	 3063
6390 	 3054
6400 	 3053
6410 	 3053
6420 	 3053
6430 	 3052
6440 	 3059
6450 	 3061
6460 	 3067
6470 	 3072
6480 	 3083
6490 	 3091
6500 	 3105
6510 	 3127
6520 	 3127
6530 	 3120
6540 	 3114
6550 	 3124
6560 	 3111
6570 	 3126
6580 	 3130
6590 	 3131
6600 	 3128
6610 	 3115
6620 	 3114
6630 	 3110
6640 	 3100
6650 	 3105
6660 	 3104
6670 	 3093
6680 	 3098
6690 	 3095
6700 	 3102
6710 	 3112
6720 	 3123
6730 	 3139
6740 	 3157
6750 	 3156
6760 	 3176
6770 	 3208
6780 	 3247
6790 	 3278
6800 	 3307
6810 	 3323
6820 	 3346
6830 	 3368
6840 	 3398
6850 	 3422
6860 	 3457
6870 	 3482
6880 	 3521
6890 	 3549
6900 	 3587
6910 	 3603
6920 	 3612
6930 	 3626
6940 	 3632
6950 	 3663
6960 	 3660
6970 	 3675
6980 	 3660
6990 	 3669
7000 	 3680
7010 	 3700
7020 	 3706
7030 	 3722
7040 	 3741
7050 	 3754
7060 	 3765
7070 	 3789
7080 	 3806
7090 	 3829
7100 	 3849
7110 	 3865
7120 	 3870
7130 	 3870
7140 	 3870
7150 	 3870
7160 	 3870
7170 	 3870
7180 	 3870
7190 	 3870
7200 	 3870
7210 	 3870
7220 	 3870
7230 	 3870
7240 	 3870
7250 	 3870
7260 	 3870
7270 	 3870
7280 	 3870
7290 	 3870
7300 	 3870
7310 	 3870
7320 	 3870
7330 	 3870
7340 	 3870
7350 	 3870
7360 	 3870
7370 	 3870
7380 	 3870
7390 	 3870
7400 	 3870
7410 	 3870
7420 	 3870
7430 	 3870
7440 	 3870
7450 	 3870
7460 	 3870
7470 	 3870
7480 	 3870
7490 	 3870
7500 	 3870
7510 	 3869
7520 	 3869
7530 	 3869
7540 	 3869
7550 	 3869
7560 	 3869
7570 	 3869
7580 	 3869
7590 	 3869
7600 	 3869
7610 	 3869
7620 	 3869
7630 	 3868
7640 	 3866
7650 	 3865
7660 	 3864
7670 	 3864
7680 	 3864
7690 	 3864
7700 	 3864
7710 	 3864
7720 	 3863
7730 	 3861
7740 	 3860
7750 	 3856
7760 	 3858
7770 	 3863
7780 	 3871
7790 	 3877
7800 	 3885
7810 	 3890
7820 	 3905
7830 	 3924
7840 	 3932
7850 	 3952
7860 	 3965
7870 	 3990
7880 	 4002
7890 	 4025
7900 	 4036
7910 	 4053
7920 	 4066
7930 	 4080
7940 	 4093
7950 	 4118
7960 	 4124
7970 	 4124
7980 	 4138
7990 	 4148
8000 	 4172
8010 	 4161
8020 	 4178
8030 	 4171
8040 	 4178
8050 	 4184
8060 	 4154
8070 	 4155
8080 	 4160
8090 	 4131
8100 	 4103
8110 	 4084
8120 	 4054
8130 	 4035
8140 	 4003
8150 	 3967
8160 	 3926
8170 	 3917
8180 	 3881
8190 	 3880
8200 	 3837
8210 	 3826
8220 	 3817
8230 	 3823
8240 	 3800
8250 	 3790
8260 	 3782
8270 	 3789
8280 	 3768
8290 	 3781
8300 	 3770
8310 	 3741
8320 	 3743
8330 	 3730
8340 	 3722
8350 	 3726
8360 	 3711
8370 	 3696
8380 	 3682
8390 	 3666
8400 	 3661
8410 	 3636
8420 	 3649
8430 	 3668
8440 	 3666
8450 	 3669
8460 	 3658
8470 	 3664
8480 	 3669
8490 	 3649
8500 	 3647
8510 	 3623
8520 	 3622
8530 	 3603
8540 	 3593
8550 	 3594
8560 	 3596
8570 	 3569
8580 	 3558
8590 	 3550
8600 	 3522
8610 	 3519
8620 	 3520
8630 	 3516
8640 	 3514
8650 	 3499
8660 	 3490
8670 	 3493
8680 	 3496
8690 	 3494
8700 	 3492
8710 	 3495
8720 	 3513
8730 	 3526
8740 	 3542
8750 	 3557
8760 	 3570
8770 	 3583
8780 	 3583
8790 	 3583
8800 	 3583
8810 	 3583
8820 	 3583
8830 	 3583
8840 	 3583
8850 	 3583
8860 	 3583
8870 	 3583
8880 	 3583
8890 	 3583
8900 	 3583
8910 	 3583
8920 	 3583
8930 	 3583
8940 	 3583
8950 	 3583
8960 	 3583
8970 	 3583
8980 	 3583
8990 	 3583
9000 	 3583
9010 	 3583
9020 	 3583
9030 	 3583
9040 	 3583
9050 	 3583
9060 	 3583
9070 	 3583
9080 	 3583
9090 	 3583
9100 	 3583
9110 	 3583
9120 	 3583
9130 	 3583
9140 	 3583
9150 	 3583
9160 	 3583
9170 	 3583
9180 	 3583
9190 	 3583
9200 	 3583
9210 	 3583
9220 	 3583
9230 	 3583
9240 	 3583
9250 	 3583
9260 	 3583
9270 	 3583
9280 	 3583
9290 	 3583
9300 	 3583
9310 	 3583
9320 	 3583
9330 	 3583
9340 	 3583
9350 	 3583
9360 	 3583
9370 	 3583
9380 	 3583
9390 	 3583
9400 	 3583
9410 	 3583
9420 	 3583
9430 	 3582
9440 	 3582
9450 	 3582
9460 	 3582
9470 	 3582
9480 	 3582
9490 	 3582
9500 	 3582
9510 	 3582
9520 	 3582
9530 	 3582
9540 	 3581
9550 	 3581
9560 	 3581
9570 	 3581
9580 	 3581
9590 	 3581
9600 	 3581
9610 	 3581
9620 	 3581
9630 	 3581
9640 	 3581
9650 	 3581
9660 	 3581
9670 	 3581
9680 	 3581
9690 	 3581
9700 	 3581
9710 	 3581
9720 	 3581
9730 	 3581
9740 	 3581
9750 	 3581
9760 	 3581
9770 	 3581
9780 	 3581
9790 	 3581
9800 	 3581
9810 	 3581
9820 	 3581
9830 	 3581
9840 	 3581
9850 	 3581
9860 	 3581
9870 	 3581
9880 	 3581
9890 	 3581
9900 	 3581
9910 	 3580
9920 	 3580
9930 	 3580
9940 	 3579
9950 	 3579
9960 	 3578
9970 	 3578
9980 	 3578
9990 	 3578
