MCS	AvgNutrientConcentration	AvgUptake
0	9.989999671173095	0.0009989999771118157
100	9.038879893859864	0.0009035695533752443
200	8.178313523132324	0.0008174846801757812
300	7.3996758518791195	0.0007396308403015136
400	6.695171456710815	0.000669194799423218
500	6.0577381197414395	0.0006054657783508301
600	5.480995622627258	0.0005478238430023194
700	4.959165106527329	0.0004956573410034179
800	4.487016309509277	0.0004484646072387696
900	4.059819022708893	0.0004057612533569335
1000	3.6732941031703947	0.0003671255598068237
1100	3.3235694950389862	0.00033216939830780037
1200	3.007142076722145	0.00030053715801239015
1300	2.720840783399582	0.0002719238243103028
1400	2.4617979851017	0.0002460357675552368
1500	2.2274181770391466	0.00022260871410369876
1600	2.015352946259499	0.0002014143161773682
1700	1.8234762948994636	0.00018223603868484502
1800	1.6498682332291603	0.00016488460969924925
1900	1.4927887097258568	0.00014918604564666748
2000	1.3506646561565399	0.00013498315238952643
2100	1.2220720893044472	0.00012213190364837646
2200	1.1057225974235534	0.00011050338172912595
2300	1.000450784832716	9.998252820968627e-05
2400	0.9052004952766896	9.046353340148927e-05
2500	0.8190185966351032	8.18502013683319e-05
2600	0.7410421741309166	7.405815410614014e-05
2700	0.6704897256531716	6.700745391845703e-05
2800	0.6066544973535538	6.062788867950441e-05
2900	0.5488968567390442	5.4855135917663574e-05
3000	0.49663785965430735	4.9633068323135375e-05
3100	0.44935429040396213	4.490739262104034e-05
3200	0.40657251535856725	4.063088059425354e-05
3300	0.36786384190654753	3.676406180858611e-05
3400	0.3328404774911404	3.32632635831833e-05
3500	0.3011518119004965	3.0096435666084288e-05
3600	0.2724803634529114	2.9999999999999997e-05
3700	0.24653850886923076	2.9999999999999997e-05
3800	0.22306647538012267	2.9999999999999997e-05
3900	0.20182916923576594	2.9999999999999997e-05
4000	0.18261377719414235	2.9999999999999997e-05
4100	0.1652277914457321	2.9999999999999997e-05
4200	0.14949704899048805	2.9999999999999997e-05
4300	0.13526393827581407	2.9999999999999997e-05
4400	0.12238597778010368	2.9999999999999997e-05
4500	0.11073405088141561	2.9999999999999997e-05
4600	0.10019144281125068	2.9999999999999997e-05
4700	0.09065257116252184	2.9999999999999997e-05
4800	0.08202185224086046	2.9999999999999997e-05
4900	0.0742128074875474	2.9999999999999997e-05
5000	0.06714723660972714	2.9999999999999997e-05
5100	0.060754387530967596	2.9999999999999997e-05
5200	0.054970171256169674	2.9999999999999997e-05
5300	0.04973665961766243	2.9999999999999997e-05
5400	0.04500140681706369	2.9999999999999997e-05
5500	0.04071695784141123	2.9999999999999997e-05
5600	0.03684042526368797	2.9999999999999997e-05
5700	0.03333296956479549	2.9999999999999997e-05
5800	0.03015944493279606	2.9999999999999997e-05
5900	0.027288064946711064	2.9999999999999997e-05
6000	0.0246900623966977	2.9999999999999997e-05
6100	0.02233940315207839	2.9999999999999997e-05
6200	0.020212539991766216	2.9999999999999997e-05
6300	0.018288166623301804	2.9999999999999997e-05
6400	0.016547008990466596	2.9999999999999997e-05
6500	0.014971618728537112	2.9999999999999997e-05
6600	0.013546223040152341	2.9999999999999997e-05
6700	0.012256529292806982	2.9999999999999997e-05
6800	0.011089629904676228	2.9999999999999997e-05
6900	0.010033821741189808	2.9999999999999997e-05
7000	0.009078533416435122	2.9999999999999997e-05
7100	0.008214197700027376	2.9999999999999997e-05
7200	0.007432152723545208	2.9999999999999997e-05
7300	0.006724561492336914	2.9999999999999997e-05
7400	0.006084337999628857	2.9999999999999997e-05
7500	0.005505068206416443	2.9999999999999997e-05
7600	0.004980949264984578	2.9999999999999997e-05
7700	0.004506730157379061	2.9999999999999997e-05
7800	0.00407765977072157	2.9999999999999997e-05
7900	0.003689439254997298	2.9999999999999997e-05
8000	0.0033381794052124024	2.9999999999999997e-05
8100	0.003020362684818916	2.9999999999999997e-05
8200	0.002732803333670832	2.9999999999999997e-05
8300	0.002472623089913279	2.9999999999999997e-05
8400	0.002237212994337082	2.9999999999999997e-05
8500	0.0020242145534045994	2.9999999999999997e-05
8600	0.0018314958906681276	2.9999999999999997e-05
8700	0.0016571251326561905	2.9999999999999997e-05
8800	0.0014993553734389134	2.9999999999999997e-05
8900	0.0013566068977001124	2.9999999999999997e-05
9000	0.0012274490067269654	2.9999999999999997e-05
9100	0.0011105878270119428	2.9999999999999997e-05
9200	0.001004852521982044	2.9999999999999997e-05
9300	0.0009091837985774037	2.9999999999999997e-05
9400	0.0008226233368141111	2.9999999999999997e-05
9500	0.0007443042281060479	2.9999999999999997e-05
9600	0.0006734415366726462	2.9999999999999997e-05
9700	0.0006093254028374795	2.9999999999999997e-05
9800	0.0005513136325126979	2.9999999999999997e-05
9900	0.0004988249969459139	2.9999999999999997e-05
10000	0.000451333580544102	2.9999999999999997e-05
10100	0.000408363643135759	2.9999999999999997e-05
10200	0.00036948474954103585	2.9999999999999997e-05
10300	0.0003343073098863242	2.9999999999999997e-05
10400	0.0003024790411562426	2.9999999999999997e-05
10500	0.0002736810352463508	2.9999999999999997e-05
10600	0.00024762468131654897	2.9999999999999997e-05
10700	0.00022404920318565565	2.9999999999999997e-05
10800	0.00020271820030594244	2.9999999999999997e-05
10900	0.00018341809607174946	2.9999999999999997e-05
11000	0.00016595548425032757	2.9999999999999997e-05
11100	0.00015015540277259424	2.9999999999999997e-05
11200	0.00013585960401344346	2.9999999999999997e-05
11300	0.00012292486069054575	2.9999999999999997e-05
11400	0.00011122161954033072	2.9999999999999997e-05
11500	0.00010063258584204596	2.9999999999999997e-05
11600	9.10516889138089e-05	2.9999999999999997e-05
11700	8.238296904365416e-05	2.9999999999999997e-05
11800	7.453954614713439e-05	2.9999999999999997e-05
11900	6.744285896921064e-05	2.9999999999999997e-05
12000	6.102186757556046e-05	2.9999999999999997e-05
12100	5.521218096735538e-05	2.9999999999999997e-05
12200	4.995561689477472e-05	2.9999999999999997e-05
12300	4.519950002733094e-05	2.9999999999999997e-05
12400	4.08962032457639e-05	2.9999999999999997e-05
12500	3.700260684706154e-05	2.9999999999999997e-05
12600	3.347970525830169e-05	2.9999999999999997e-05
12700	3.0292211732288705e-05	2.9999999999999997e-05
12800	2.740819460615603e-05	2.9999999999999997e-05
12900	2.479874132621626e-05	2.9999999999999997e-05
13000	2.2437735906190937e-05	2.9999999999999997e-05
13100	2.030150935247366e-05	2.9999999999999997e-05
13200	1.836866456770076e-05	2.9999999999999997e-05
13300	1.6619843437008967e-05	2.9999999999999997e-05
13400	1.5037522704908042e-05	2.9999999999999997e-05
13500	1.3605851334632462e-05	2.9999999999999997e-05
13600	1.2310483366502012e-05	2.9999999999999997e-05
13700	1.1138441150451399e-05	2.9999999999999997e-05
13800	1.0077988716104301e-05	2.9999999999999997e-05
13900	9.1184940008352e-06	2.9999999999999997e-05
14000	8.250350527177943e-06	2.9999999999999997e-05
14100	7.464863087503545e-06	2.9999999999999997e-05
14200	6.7541589826341805e-06	2.9999999999999997e-05
14300	6.111119021636113e-06	2.9999999999999997e-05
14400	5.529299870388058e-06	2.9999999999999997e-05
14500	5.00287339921124e-06	2.9999999999999997e-05
14600	4.526566594033284e-06	2.9999999999999997e-05
14700	4.095607932196799e-06	2.9999999999999997e-05
14800	3.7056789787611706e-06	2.9999999999999997e-05
14900	3.35287362746476e-06	2.9999999999999997e-05
15000	3.0336576105019047e-06	2.9999999999999997e-05
15100	2.744832577928719e-06	2.9999999999999997e-05
15200	2.4835063898581213e-06	2.9999999999999997e-05
15300	2.247060332192632e-06	2.9999999999999997e-05
15400	2.0331243875270956e-06	2.9999999999999997e-05
15500	1.8395574764695085e-06	2.9999999999999997e-05
15600	1.6644193710353647e-06	2.9999999999999997e-05
15700	1.5059555117786659e-06	2.9999999999999997e-05
15800	1.362578702983683e-06	2.9999999999999997e-05
15900	1.2328523709570618e-06	2.9999999999999997e-05
16000	1.1154768788424007e-06	2.9999999999999997e-05
16100	1.0092761080368292e-06	2.9999999999999997e-05
16200	9.13186310398487e-07	2.9999999999999997e-05
16300	8.262448859975393e-07	2.9999999999999997e-05
16400	7.475809511101943e-07	2.9999999999999997e-05
16500	6.764062558168007e-07	2.9999999999999997e-05
16600	6.120078915128033e-07	2.9999999999999997e-05
16700	5.537407116066788e-07	2.9999999999999997e-05
16800	5.010209825443326e-07	2.9999999999999997e-05
16900	4.5332044218662306e-07	2.9999999999999997e-05
17000	4.1016127431078076e-07	2.9999999999999997e-05
17100	3.7111109688328267e-07	2.9999999999999997e-05
17200	3.357788151275827e-07	2.9999999999999997e-05
17300	3.0381048987669603e-07	2.9999999999999997e-05
17400	2.748857420974673e-07	2.9999999999999997e-05
17500	2.487147240454988e-07	2.9999999999999997e-05
17600	2.2503537260416806e-07	2.9999999999999997e-05
17700	2.0361049092167604e-07	2.9999999999999997e-05
17800	1.842253911308376e-07	2.9999999999999997e-05
17900	1.6668586608659552e-07	2.9999999999999997e-05
18000	1.5081625810984178e-07	2.9999999999999997e-05
18100	1.364575358045954e-07	2.9999999999999997e-05
18200	1.2346585731017967e-07	2.9999999999999997e-05
18300	1.1171107613171217e-07	2.9999999999999997e-05
18400	1.0107542173889782e-07	2.9999999999999997e-05
18500	9.145239735457267e-08	2.9999999999999997e-05
18600	8.274553592943334e-08	2.9999999999999997e-05
18700	7.486761312171098e-08	2.9999999999999997e-05
18800	6.773968897485361e-08	2.9999999999999997e-05
18900	6.129043324182248e-08	2.9999999999999997e-05
19000	5.545516973394626e-08	2.9999999999999994e-05
19100	5.0175470149341096e-08	2.9999999999999994e-05
19200	4.5398420110771556e-08	2.9999999999999994e-05
19300	4.1076190496994515e-08	2.9999999999999994e-05
19400	3.7165452489446693e-08	2.9999999999999994e-05
19500	3.362704282849904e-08	2.9999999999999994e-05
19600	3.042552901527529e-08	2.9999999999999994e-05
19700	2.752881192990486e-08	2.9999999999999994e-05
19800	2.4907886419327952e-08	2.9999999999999994e-05
19900	2.2536491077325137e-08	2.9999999999999994e-05
20000	2.0390862655780494e-08	2.9999999999999994e-05
20100	1.8449509816747422e-08	2.9999999999999994e-05
20200	1.6692990753952585e-08	2.9999999999999994e-05
20300	1.5103701307872086e-08	2.9999999999999994e-05
20400	1.3665729718994158e-08	2.9999999999999994e-05
20500	1.2364663601090342e-08	2.9999999999999994e-05
20600	1.1187464131989344e-08	2.9999999999999994e-05
20700	1.0122343563011782e-08	2.9999999999999994e-05
20800	9.15862577861759e-09	2.9999999999999994e-05
20900	8.28666257975641e-09	2.9999999999999994e-05
21000	7.497716142324862e-09	2.9999999999999994e-05
21100	6.783883501389809e-09	2.9999999999999994e-05
21200	6.138012304690576e-09	2.9999999999999994e-05
21300	5.553632834423894e-09	2.9999999999999994e-05
21400	5.024890390821213e-09	2.9999999999999994e-05
21500	4.546487253625387e-09	2.9999999999999994e-05
21600	4.113631177533605e-09	2.9999999999999994e-05
21700	3.7219867374620463e-09	2.9999999999999994e-05
21800	3.3676289917794476e-09	2.9999999999999994e-05
21900	3.0470081851063923e-09	2.9999999999999994e-05
22000	2.7569124737514272e-09	2.9999999999999994e-05
22100	2.494435533445305e-09	2.9999999999999994e-05
22200	2.2569487393413466e-09	2.9999999999999994e-05
22300	2.042072559851782e-09	2.9999999999999994e-05
22400	1.8476537846781049e-09	2.9999999999999994e-05
22500	1.6717448633212228e-09	2.9999999999999994e-05
22600	1.5125836319009878e-09	2.9999999999999994e-05
22700	1.3685756580432695e-09	2.9999999999999994e-05
22800	1.23827797758036e-09	2.9999999999999994e-05
22900	1.120385814223468e-09	2.9999999999999994e-05
23000	1.0137174554509797e-09	2.9999999999999994e-05
23100	9.172044054421847e-10	2.9999999999999994e-05
23200	8.298804542752336e-10	2.9999999999999994e-05
23300	7.508702094043418e-10	2.9999999999999994e-05
23400	6.79382372194226e-10	2.9999999999999994e-05
23500	6.147006543970602e-10	2.9999999999999994e-05
23600	5.561771472608613e-10	2.9999999999999994e-05
23700	5.032253875056903e-10	2.9999999999999994e-05
23800	4.5531491035466496e-10	2.9999999999999994e-05
23900	4.1196589617831236e-10	2.9999999999999994e-05
24000	3.727439384072495e-10	2.9999999999999994e-05
24100	3.372563035268783e-10	2.9999999999999994e-05
24200	3.0514728729302834e-10	2.9999999999999994e-05
24300	2.760952765229474e-10	2.9999999999999994e-05
24400	2.4980920091433044e-10	2.9999999999999994e-05
24500	2.260257401444088e-10	2.9999999999999994e-05
24600	2.0450659105147874e-10	2.9999999999999994e-05
24700	1.8503622547272335e-10	2.9999999999999994e-05
24800	1.674195331454187e-10	2.9999999999999994e-05
24900	1.5148003165871282e-10	2.9999999999999994e-05
25000	1.370581281643357e-10	2.9999999999999994e-05
25100	1.2400923349176196e-10	2.9999999999999994e-05
25200	1.12202733226624e-10	2.9999999999999994e-05
25300	1.0152030286350588e-10	2.9999999999999994e-05
25400	9.185488834922984e-11	2.9999999999999994e-05
25500	8.310970507910409e-11	2.9999999999999994e-05
25600	7.51971101616844e-11	2.9999999999999994e-05
25700	6.803783948691744e-11	2.9999999999999994e-05
25800	6.156018051700629e-11	2.9999999999999994e-05
25900	5.5699240062462295e-11	2.9999999999999994e-05
26000	5.0396310857445113e-11	2.9999999999999994e-05
26100	4.5598242884956066e-11	2.9999999999999994e-05
26200	4.1256987688115254e-11	2.9999999999999994e-05
26300	3.7329041422701214e-11	2.9999999999999994e-05
26400	3.377505490420596e-11	2.9999999999999994e-05
26500	3.055944792094978e-11	2.9999999999999994e-05
26600	2.764998025712312e-11	2.9999999999999994e-05
26700	2.5017520415893114e-11	2.9999999999999994e-05
26800	2.2635685731887954e-11	2.9999999999999994e-05
26900	2.0480615096823972e-11	2.9999999999999994e-05
27000	1.853071941797235e-11	2.9999999999999994e-05
27100	1.676646286569855e-11	2.9999999999999994e-05
27200	1.517018453005281e-11	2.9999999999999994e-05
27300	1.3725881565836844e-11	2.9999999999999994e-05
27400	1.2419084193172891e-11	2.9999999999999994e-05
27500	1.123670485573755e-11	2.9999999999999994e-05
27600	1.0166895761991313e-11	2.9999999999999994e-05
27700	9.198936599182084e-12	2.9999999999999994e-05
27800	8.323134223855306e-12	2.9999999999999994e-05
27900	7.53071487571283e-12	2.9999999999999994e-05
28000	6.813740816239561e-12	2.9999999999999994e-05
28100	6.165026966899884e-12	2.9999999999999994e-05
28200	5.578074445457618e-12	2.9999999999999994e-05
28300	5.0470047141103895e-12	2.9999999999999994e-05
28400	4.566496427901509e-12	2.9999999999999994e-05
28500	4.131734557615354e-12	2.9999999999999994e-05
28600	3.7383661640987e-12	2.9999999999999994e-05
28700	3.3824485282532916e-12	2.9999999999999994e-05
28800	3.0604167063170637e-12	2.9999999999999994e-05
28900	2.7690448819667547e-12	2.9999999999999994e-05
29000	2.5054132937281023e-12	2.9999999999999994e-05
29100	2.2668813535256515e-12	2.9999999999999994e-05
29200	2.0510590650925365e-12	2.9999999999999994e-05
29300	1.8557850598541898e-12	2.9999999999999994e-05
29400	1.6791016584230892e-12	2.9999999999999994e-05
29500	1.5192399161105887e-12	2.9999999999999994e-05
29600	1.3745979250069824e-12	2.9999999999999994e-05
29700	1.2437267104051242e-12	2.9999999999999994e-05
29800	1.1253157248588414e-12	2.9999999999999994e-05
29900	1.0181783218184483e-12	2.9999999999999994e-05
30000	9.212405489068299e-13	2.9999999999999994e-05
30100	8.335322723563958e-13	2.9999999999999994e-05
30200	7.541743734507372e-13	2.9999999999999994e-05
30300	6.823719300959926e-13	2.9999999999999994e-05
30400	6.174056144320812e-13	2.9999999999999994e-05
30500	5.586245046945975e-13	2.9999999999999994e-05
30600	5.054397573839731e-13	2.9999999999999994e-05
30700	4.573185716043575e-13	2.9999999999999994e-05
30800	4.137787241370377e-13	2.9999999999999994e-05
30900	3.7438428288798837e-13	2.9999999999999994e-05
31000	3.387403462730117e-13	2.9999999999999994e-05
31100	3.064900581142534e-13	2.9999999999999994e-05
31200	2.7731018639384764e-13	2.9999999999999994e-05
31300	2.5090846177057857e-13	2.9999999999999994e-05
31400	2.2702034020976452e-13	2.9999999999999994e-05
31500	2.0540644858721858e-13	2.9999999999999994e-05
31600	1.8585038255076623e-13	2.9999999999999994e-05
31700	1.681561882576287e-13	2.9999999999999994e-05
31800	1.5214659364489163e-13	2.9999999999999994e-05
31900	1.3766121842418658e-13	2.9999999999999994e-05
32000	1.2455495280354682e-13	2.9999999999999994e-05
32100	1.1269648609210885e-13	2.9999999999999994e-05
32200	1.0196701067942165e-13	2.9999999999999994e-05
32300	9.225905313510214e-14	2.9999999999999994e-05
32400	8.347535160874837e-14	2.9999999999999994e-05
32500	7.552794049575195e-14	2.9999999999999994e-05
32600	6.83371634266404e-14	2.9999999999999994e-05
32700	6.183101994107813e-14	2.9999999999999994e-05
32800	5.59442902705687e-14	2.9999999999999994e-05
32900	5.061801008184529e-14	2.9999999999999994e-05
33000	4.5798841893503694e-14	2.9999999999999994e-05
33100	4.143849518514417e-14	2.9999999999999994e-05
33200	3.7493285914638196e-14	2.9999999999999994e-05
33300	3.39236613404242e-14	2.9999999999999994e-05
33400	3.069390752974161e-14	2.9999999999999994e-05
33500	2.7771646735663182e-14	2.9999999999999994e-05
33600	2.5127598815777785e-14	2.9999999999999994e-05
33700	2.2735284325424444e-14	2.9999999999999994e-05
33800	2.057072933125709e-14	2.9999999999999994e-05
33900	1.8612256046350182e-14	2.999999999999999e-05
34000	1.684023668873291e-14	2.9999999999999994e-05
34100	1.523693376236302e-14	2.9999999999999994e-05
34200	1.3786277551159959e-14	2.9999999999999994e-05
34300	1.247373272801581e-14	2.9999999999999994e-05
34400	1.1286148137720299e-14	2.9999999999999994e-05
34500	1.0211633151448304e-14	2.9999999999999994e-05
34600	9.239412767486475e-15	2.9999999999999994e-05
34700	8.359755666636543e-15	2.9999999999999994e-05
34800	7.563848188491808e-15	2.9999999999999994e-05
34900	6.8437191781695335e-15	2.9999999999999994e-05
35000	6.19215225653023e-15	2.9999999999999994e-05
35100	5.602618347057739e-15	2.9999999999999994e-05
35200	5.069211593969547e-15	2.9999999999999994e-05
35300	4.586588884111789e-15	2.9999999999999994e-05
35400	4.14991412396846e-15	2.9999999999999994e-05
35500	3.75481383600559e-15	2.9999999999999994e-05
35600	3.397330906792915e-15	2.9999999999999994e-05
35700	3.0738830556316855e-15	2.9999999999999994e-05
35800	2.7812288322762406e-15	2.9999999999999994e-05
35900	2.516437698874806e-15	2.9999999999999997e-05
36000	2.2768561068691625e-15	2.9999999999999997e-05
36100	2.060083891209623e-15	2.9999999999999997e-05
36200	1.8639504060326814e-15	2.9999999999999997e-05
36300	1.6864901476067507e-15	2.9999999999999997e-05
36400	1.525925139437534e-15	2.9999999999999997e-05
36500	1.3806468203331889e-15	2.9999999999999997e-05
36600	1.249199601505142e-15	2.9999999999999997e-05
36700	1.13026769755924e-15	2.9999999999999997e-05
36800	1.0226585630311633e-15	2.9999999999999997e-05
36900	9.252947489574618e-16	2.9999999999999997e-05
37000	8.372005963144841e-16	2.9999999999999997e-05
37100	7.574934737634472e-16	2.9999999999999997e-05
37200	6.853751659246947e-16	2.9999999999999997e-05
37300	6.20123008711189e-16	2.9999999999999997e-05
37400	5.610832107163971e-16	2.9999999999999997e-05
37500	5.076642806367251e-16	2.9999999999999997e-05
37600	4.593311228763174e-16	2.9999999999999997e-05
37700	4.155997290168755e-16	2.9999999999999997e-05
37800	3.76031775072955e-16	2.9999999999999997e-05
37900	3.4023104568478083e-16	2.9999999999999997e-05
38000	3.0783882070459553e-16	2.9999999999999997e-05
38100	2.7853055452670334e-16	2.9999999999999997e-05
38200	2.520126441823323e-16	2.9999999999999997e-05
38300	2.2801936277013923e-16	2.9999999999999997e-05
38400	2.063104259348932e-16	2.9999999999999997e-05
38500	1.866682993997171e-16	2.9999999999999997e-05
38600	1.6889624565263045e-16	2.9999999999999997e-05
38700	1.5281617066957748e-16	2.9999999999999997e-05
38800	1.3826707517132862e-16	2.9999999999999997e-05
38900	1.2510315181192764e-16	2.9999999999999997e-05
39000	1.1319251548450928e-16	2.9999999999999997e-05
39100	1.0241584367674443e-16	2.9999999999999997e-05
39200	9.266516996470672e-17	2.9999999999999997e-05
39300	8.38428266153225e-17	2.9999999999999997e-05
39400	7.586040320459893e-17	2.9999999999999997e-05
39500	6.863797487351794e-17	2.9999999999999997e-05
39600	6.210319264866454e-17	2.9999999999999997e-05
39700	5.61905334867198e-17	2.9999999999999997e-05
39800	5.084081871426037e-17	2.9999999999999997e-05
39900	4.600044055536114e-17	2.9999999999999997e-05
40000	4.162089268253653e-17	2.9999999999999997e-05
40100	3.7658310149154074e-17	2.9999999999999997e-05
40200	3.407298200488987e-17	3e-05
40300	3.082900867088818e-17	3e-05
40400	2.789387710915587e-17	3e-05
40500	2.5238192690855146e-17	3e-05
40600	2.283534761536988e-17	3e-05
40700	2.0661270824979363e-17	3e-05
40800	1.869417817041263e-17	3e-05
40900	1.69143607811026e-17	3e-05
41000	1.530399904958413e-17	3e-05
41100	1.3846958838526763e-17	3e-05
41200	1.2528635581703574e-17	3.0000000000000004e-05
41300	1.133582713697396e-17	3.0000000000000004e-05
41400	1.0256580709652299e-17	3.0000000000000004e-05
41500	9.280083186698977e-18	3.0000000000000004e-05
41600	8.396554847489143e-18	3.0000000000000004e-05
41700	7.597143624557309e-18	3.0000000000000004e-05
41800	6.8738468263925246e-18	3.0000000000000004e-05
41900	6.219410284959237e-18	3.0000000000000004e-05
42000	5.627281366423781e-18	3.0000000000000004e-05
42100	5.091526203541691e-18	3.0000000000000004e-05
42200	4.606779265208612e-18	3.0000000000000004e-05
42300	4.168182201540121e-18	3.0000000000000004e-05
42400	3.771342685435708e-18	3.0000000000000004e-05
42500	3.412284637407277e-18	3.0000000000000004e-05
42600	3.0874118803458084e-18	3.0000000000000004e-05
42700	2.7934693266254515e-18	3.0000000000000004e-05
42800	2.5275129597199187e-18	3.0000000000000004e-05
42900	2.2868769598512634e-18	3.0000000000000004e-05
43000	2.0691512759131825e-18	3.0000000000000004e-05
43100	1.8721540398338697e-18	3.0000000000000004e-05
43200	1.6939121468489144e-18	3.0000000000000004e-05
43300	1.5326401185166472e-18	3.0000000000000004e-05
43400	1.3867225189519092e-18	3.0000000000000004e-05
43500	1.2546974029006377e-18	3.0000000000000004e-05
43600	1.1352418864794277e-18	3.0000000000000004e-05
43700	1.027159316976816e-18	3.0000000000000004e-05
43800	9.29367086967049e-19	3.0000000000000004e-05
43900	8.408851391217309e-19	3.0000000000000004e-05
44000	7.608272231225077e-19	3.0000000000000004e-05
44100	6.883914280646566e-19	3.0000000000000004e-05
44200	6.228520242720757e-19	3.0000000000000004e-05
44300	5.635523838004607e-19	3.0000000000000004e-05
44400	5.09898373359252e-19	3.0000000000000004e-05
44500	4.613525110002546e-19	3.0000000000000004e-05
44600	4.1742870687879747e-19	3.0000000000000004e-05
44700	3.776866829702789e-19	3.0000000000000004e-05
44800	3.417283362264668e-19	3.0000000000000004e-05
44900	3.091935612773199e-19	3.0000000000000004e-05
45000	2.79756278105889e-19	3.0000000000000004e-05
45100	2.531216584648847e-19	3.0000000000000004e-05
45200	2.2902271992441906e-19	3.0000000000000004e-05
45300	2.0721823146372277e-19	3.0000000000000004e-05
45400	1.8748967638136643e-19	3.0000000000000004e-05
45500	1.6963941873967634e-19	3.0000000000000004e-05
45600	1.5348860158022352e-19	3.0000000000000004e-05
45700	1.3887549449277298e-19	3.0000000000000004e-05
45800	1.2565364772669489e-19	3.0000000000000004e-05
45900	1.1369059925193594e-19	3.0000000000000004e-05
46000	1.0286647915170303e-19	3.0000000000000004e-05
46100	9.307290256071509e-20	3.0000000000000004e-05
46200	8.421175599703793e-20	3.0000000000000004e-05
46300	7.619422955598552e-20	3.0000000000000004e-05
46400	6.894002915875142e-20	3.0000000000000004e-05
46500	6.237649072900774e-20	3.0000000000000004e-05
46600	5.643784897325689e-20	3.0000000000000004e-05
46700	5.1064580319515116e-20	3.0000000000000004e-05
46800	4.6202886575910003e-20	3.0000000000000004e-05
46900	4.1804052256012336e-20	3.0000000000000004e-05
47000	3.7824031195673905e-20	3.0000000000000004e-05
47100	3.4222925085845333e-20	3.0000000000000004e-05
47200	3.0964682095497913e-20	3.0000000000000004e-05
47300	2.8016629268685126e-20	3.0000000000000004e-05
47400	2.5349259895995512e-20	3.0000000000000004e-05
47500	2.2935838202424086e-20	3.0000000000000004e-05
47600	2.0752197133352217e-20	3.0000000000000004e-05
47700	1.877644988400086e-20	3.0000000000000004e-05
47800	1.6988803860119538e-20	3.0000000000000004e-05
47900	1.5371355562869323e-20	3.0000000000000004e-05
48000	1.3907900611376025e-20	3.0000000000000004e-05
48100	1.258377582884274e-20	3.0000000000000004e-05
48200	1.1385714539308751e-20	3.0000000000000004e-05
48300	1.0301717369459841e-20	3.0000000000000004e-05
48400	9.32092432278458e-21	3.0000000000000008e-05
48500	8.433507919206452e-21	3.0000000000000008e-05
48600	7.630578091873465e-21	3.0000000000000008e-05
48700	6.904098014929547e-21	3.0000000000000008e-05
48800	6.246781986295616e-21	3.0000000000000018e-05
48900	5.652046214912851e-21	3.0000000000000018e-05
49000	5.1139339120192914e-21	3.0000000000000018e-05
49100	4.627052825127607e-21	3.0000000000000018e-05
49200	4.186525201357711e-21	3.0000000000000018e-05
49300	3.7879382682499996e-21	3.0000000000000018e-05
49400	3.427299930482268e-21	3.0000000000000018e-05
49500	3.1009982742419695e-21	3.0000000000000018e-05
49600	2.8057629158929647e-21	3.0000000000000018e-05
49700	2.538635134814897e-21	3.0000000000000018e-05
49800	2.2969403738338076e-21	3.0000000000000018e-05
49900	2.0782565199499996e-21	3.0000000000000018e-05
50000	1.8803921661825926e-21	3.0000000000000018e-05
50100	1.7013664656147886e-21	3.0000000000000018e-05
50200	1.5393851166770362e-21	3.0000000000000018e-05
50300	1.3928256960917435e-21	3.0000000000000018e-05
50400	1.2602193592700804e-21	3.0000000000000018e-05
50500	1.1402378585034994e-21	3.0000000000000018e-05
50600	1.031679786777281e-21	3.0000000000000018e-05
50700	9.334568404133425e-22	3.000000000000002e-05
50800	8.445857653166769e-22	3.0000000000000024e-05
50900	7.641756940266227e-22	3.0000000000000024e-05
51000	6.9142101478606595e-22	3.0000000000000024e-05
51100	6.255929667121124e-22	3.0000000000000024e-05
51200	5.660322252826945e-22	3.0000000000000024e-05
51300	5.121423393048479e-22	3.0000000000000024e-05
51400	4.633829705697156e-22	3.0000000000000024e-05
51500	4.19265856402456e-22	3.0000000000000024e-05
51600	3.7934895710030937e-22	3.0000000000000024e-05
51700	3.432324504179182e-22	3.0000000000000024e-05
51800	3.1055451586253997e-22	3.0000000000000024e-05
51900	2.809877024642077e-22	3.0000000000000024e-05
52000	2.5423582502534367e-22	3.0000000000000024e-05
52100	2.300308785072576e-22	3.0000000000000024e-05
52200	2.0813034757133435e-22	3.0000000000000024e-05
52300	1.883149288065063e-22	3.0000000000000024e-05
52400	1.7038610288488711e-22	3.0000000000000024e-05
52500	1.5416418055633878e-22	3.0000000000000024e-05
52600	1.3948675491872369e-22	3.0000000000000024e-05
52700	1.2620670608741865e-22	3.0000000000000024e-05
52800	1.1419100532873196e-22	3.0000000000000024e-05
52900	1.0331926230951297e-22	3.0000000000000024e-05
53000	9.348258061906374e-23	3.0000000000000024e-05
53100	8.458241197275638e-23	3.0000000000000024e-05
53200	7.652960039703503e-23	3.0000000000000024e-05
53300	6.924346670440941e-23	3.0000000000000024e-05
53400	6.265104493433537e-23	3.0000000000000024e-05
53500	5.668626414935987e-23	3.0000000000000024e-05
53600	5.128936403277548e-23	3.0000000000000024e-05
53700	4.6406272840860665e-23	3.0000000000000024e-05
53800	4.198808792758595e-23	3.0000000000000024e-05
53900	3.7990536549110175e-23	3.0000000000000024e-05
54000	3.437357385402803e-23	3.0000000000000024e-05
54100	3.110098431253363e-23	3.0000000000000024e-05
54200	2.8139947421267055e-23	3.0000000000000024e-05
54300	2.5460836194898726e-23	3.0000000000000024e-05
54400	2.3036795494586857e-23	3.0000000000000024e-05
54500	2.0843539302620841e-23	3.0000000000000024e-05
54600	1.8859100631104342e-23	3.0000000000000024e-05
54700	1.7063588709016182e-23	3.0000000000000024e-05
54800	1.5439023845230194e-23	3.0000000000000024e-05
54900	1.3969124465719367e-23	3.0000000000000024e-05
55000	1.263916821170074e-23	3.0000000000000024e-05
55100	1.1435835785808807e-23	3.0000000000000024e-05
55200	1.0347065225230435e-23	3.0000000000000024e-05
55300	9.361955983037698e-24	3.0000000000000024e-05
55400	8.47063397893927e-24	3.0000000000000024e-05
55500	7.664172213780999e-24	3.0000000000000024e-05
55600	6.9344936648737e-24	3.0000000000000024e-05
55700	6.274283765622817e-24	3.0000000000000024e-05
55800	5.6769307862374356e-24	3.0000000000000024e-05
55900	5.136449212724477e-24	3.0000000000000024e-05
56000	4.6474244821903776e-24	3.0000000000000024e-05
56100	4.20495717316294e-24	3.0000000000000028e-05
56200	3.80461580847252e-24	3.0000000000000028e-05
56300	3.442391063069228e-24	3.0000000000000028e-05
56400	3.114652499215592e-24	3.0000000000000028e-05
56500	2.8181165287657522e-24	3.0000000000000028e-05
56600	2.5498134089733065e-24	3.0000000000000028e-05
56700	2.307054096999175e-24	3.0000000000000028e-05
56800	2.0874069746731414e-24	3.0000000000000028e-05
56900	1.888671311893001e-24	3.0000000000000028e-05
57000	1.7088565867708253e-24	3.0000000000000028e-05
57100	1.5461618898276231e-24	3.0000000000000028e-05
57200	1.398956717461197e-24	3.0000000000000028e-05
57300	1.2657667259816032e-24	3.0000000000000028e-05
57400	1.1452575884495448e-24	3.0000000000000028e-05
57500	1.0362213963863574e-24	3.0000000000000028e-05
57600	9.375659852178668e-25	3.0000000000000028e-05
57700	8.483034709760657e-25	3.0000000000000028e-05
57800	7.675390822446067e-25	3.0000000000000028e-05
57900	6.944641381229204e-25	3.0000000000000028e-05
58000	6.283465431025259e-25	3.0000000000000028e-05
58100	5.685237518039246e-25	3.0000000000000028e-05
58200	5.143966101547221e-25	3.0000000000000028e-05
58300	4.654225840144964e-25	3.0000000000000028e-05
58400	4.211112990167717e-25	3.0000000000000028e-05
58500	3.8101866385080033e-25	3.0000000000000028e-05
58600	3.4474315274015135e-25	3.0000000000000028e-05
58700	3.119213429371314e-25	3.0000000000000028e-05
58800	2.8222427545588124e-25	3.0000000000000028e-05
58900	2.5535468368765853e-25	3.0000000000000028e-05
59000	2.3104324668319027e-25	3.0000000000000028e-05
59100	2.090463015165926e-25	3.0000000000000028e-05
59200	1.8914367454118024e-25	3.0000000000000028e-05
59300	1.711359102491485e-25	3.0000000000000028e-05
59400	1.5484263003620466e-25	3.0000000000000028e-05
59500	1.4010057700941997e-25	3.0000000000000028e-05
59600	1.2676208423658432e-25	3.0000000000000028e-05
59700	1.1469346433197845e-25	3.0000000000000028e-05
59800	1.0377385809682357e-25	3.0000000000000028e-05
59900	9.389387756754161e-26	3.0000000000000028e-05
60000	8.495456722456063e-26	3.0000000000000028e-05
60100	7.68663190611637e-26	3.0000000000000028e-05
60200	6.954813563996031e-26	3.0000000000000028e-05
60300	6.292669269891446e-26	3.0000000000000028e-05
60400	5.693566243835691e-26	3.0000000000000028e-05
60500	5.151501613472662e-26	3.0000000000000028e-05
60600	4.661043363128285e-26	3.0000000000000028e-05
60700	4.217281994608268e-26	3.0000000000000028e-05
60800	3.8157693830515613e-26	3.0000000000000028e-05
60900	3.452481536542516e-26	3.0000000000000028e-05
61000	3.123782446077954e-26	3.0000000000000028e-05
61100	2.826378026747325e-26	3.0000000000000028e-05
61200	2.5572880720820087e-26	3.0000000000000028e-05
61300	2.3138169240780545e-26	3.0000000000000028e-05
61400	2.093525989655718e-26	3.0000000000000028e-05
61500	1.89420809379488e-26	3.0000000000000028e-05
61600	1.713867229004759e-26	3.0000000000000028e-05
61700	1.5506953887138178e-26	3.0000000000000028e-05
61800	1.4030592142705268e-26	3.0000000000000028e-05
61900	1.2694783225501488e-26	3.0000000000000028e-05
62000	1.1486153120521925e-26	3.0000000000000028e-05
62100	1.0392595553423528e-26	3.0000000000000028e-05
62200	9.403151255690192e-27	3.0000000000000028e-05
62300	8.507908951452663e-27	3.0000000000000028e-05
62400	7.697899345636171e-27	3.0000000000000028e-05
62500	6.965008592057454e-27	3.0000000000000028e-05
62600	6.301893042779792e-27	3.0000000000000028e-05
62700	5.701910234501169e-27	3.0000000000000028e-05
62800	5.1590506119064426e-27	3.0000000000000028e-05
62900	4.667872712368614e-27	3.0000000000000028e-05
63000	4.223458699651486e-27	3.0000000000000028e-05
63100	3.821356885342443e-27	3.0000000000000028e-05
63200	3.4575386092762595e-27	3.0000000000000028e-05
63300	3.128358245399625e-27	3.0000000000000028e-05
63400	2.830517678910831e-27	3.0000000000000028e-05
63500	2.561033330678315e-27	3.0000000000000028e-05
63600	2.317206130048409e-27	3.0000000000000035e-05
63700	2.0965919281017126e-27	3.0000000000000035e-05
63800	1.896981848013098e-27	3.0000000000000038e-05
63900	1.7163761255011885e-27	3.0000000000000038e-05
64000	1.5529654678182946e-27	3.0000000000000038e-05
64100	1.405112955620325e-27	3.0000000000000038e-05
64200	1.2713368470886557e-27	3.0000000000000038e-05
64300	1.1502970150207058e-27	3.0000000000000038e-05
64400	1.0407811196147447e-27	3.0000000000000038e-05
64500	9.416915515827692e-28	3.0000000000000038e-05
64600	8.520362781268982e-28	3.0000000000000038e-05
64700	7.709168913796516e-28	3.0000000000000038e-05
64800	6.975206172639728e-28	3.0000000000000038e-05
64900	6.3111210109097805e-28	3.0000000000000038e-05
65000	5.710260244131441e-28	3.0000000000000038e-05
65100	5.166606206325416e-28	3.0000000000000038e-05
65200	4.674710402024136e-28	3.0000000000000038e-05
65300	4.229647436850744e-28	3.0000000000000038e-05
65400	3.8269576086395325e-28	3.0000000000000038e-05
65500	3.4626062329780416e-28	3.0000000000000038e-05
65600	3.132942178465948e-28	3.0000000000000038e-05
65700	2.8346642199928593e-28	3.000000000000004e-05
65800	2.5647858022119815e-28	3.000000000000004e-05
65900	2.3206011306930706e-28	3.000000000000004e-05
66000	2.0996651916174092e-28	3.000000000000004e-05
66100	1.8997631679717713e-28	3.000000000000004e-05
66200	1.7188931141700891e-28	3.000000000000004e-05
66300	1.5552433947986363e-28	3.000000000000004e-05
66400	1.4071741094747907e-28	3.000000000000004e-05
66500	1.273202007769633e-28	3.000000000000004e-05
66600	1.1519846191648326e-28	3.000000000000004e-05
66700	1.0423076488238695e-28	3.000000000000004e-05
66800	9.430729378263562e-29	3.000000000000004e-05
66900	8.532859519891186e-29	3.000000000000004e-05
67000	7.720473908085029e-29	3.000000000000004e-05
67100	6.985434291469781e-29	3.000000000000004e-05
67200	6.320375913776806e-29	3.000000000000004e-05
67300	5.718634729918213e-29	3.000000000000004e-05
67400	5.174182658658421e-29	3.000000000000004e-05
67500	4.681566871142948e-29	3.000000000000004e-05
67600	4.2358506686564435e-29	3.000000000000004e-05
67700	3.832569153245193e-29	3.000000000000004e-05
67800	3.467681968002308e-29	3.000000000000004e-05
67900	3.1375354752570487e-29	3.000000000000004e-05
68000	2.8388223406075366e-29	3.000000000000004e-05
68100	2.5685481364420903e-29	3.000000000000004e-05
68200	2.324005598983379e-29	3.000000000000004e-05
68300	2.1027444925186987e-29	3.000000000000004e-05
68400	1.902549100323048e-29	3.000000000000004e-05
68500	1.7214130836924148e-29	3.000000000000004e-05
68600	1.5575229746465544e-29	3.000000000000004e-05
68700	1.409236680765114e-29	3.000000000000004e-05
68800	1.2750673729082716e-29	3.000000000000004e-05
68900	1.1536723845041078e-29	3.000000000000004e-05
69000	1.0438351549084529e-29	3.000000000000004e-05
69100	9.444551820450352e-30	3.000000000000004e-05
69200	8.545370241138054e-30	3.000000000000004e-05
69300	7.731793035769754e-30	3.000000000000004e-05
69400	6.995676465881975e-30	3.000000000000004e-05
69500	6.32963898963606e-30	3.000000000000004e-05
69600	5.727015220403009e-30	3.000000000000004e-05
69700	5.1817646822784156e-30	3.000000000000004e-05
69800	4.688425622420013e-30	3.000000000000004e-05
69900	4.242056454962298e-30	3.000000000000004e-05
70000	3.83818376613814e-30	3.000000000000004e-05
70100	3.472764100408653e-30	3.000000000000004e-05
70200	3.142134310782921e-30	3.000000000000004e-05
70300	2.8429820245198027e-30	3.000000000000004e-05
70400	2.572311745432319e-30	3.000000000000004e-05
70500	2.3274107754690935e-30	3.000000000000004e-05
70600	2.1058251664539342e-30	3.000000000000004e-05
70700	1.905335937322379e-30	3.000000000000004e-05
70800	1.7239344764039944e-30	3.000000000000004e-05
70900	1.5598047251007413e-30	3.000000000000004e-05
71000	1.4113008012788261e-30	3.0000000000000045e-05
71100	1.2769357238166752e-30	3.0000000000000045e-05
71200	1.1553629475917239e-30	3.0000000000000045e-05
71300	1.0453647371777456e-30	3.0000000000000045e-05
71400	9.458389072249386e-31	3.0000000000000045e-05
71500	8.557885232730733e-31	3.0000000000000045e-05
71600	7.743113243277582e-31	3.0000000000000045e-05
71700	7.005915762066797e-31	3.0000000000000045e-05
71800	6.338904857566962e-31	3.0000000000000045e-05
71900	5.735400633743945e-31	3.0000000000000045e-05
72000	5.189351847086094e-31	3.0000000000000045e-05
72100	4.695291284972216e-31	3.0000000000000045e-05
72200	4.24826811173238e-31	3.0000000000000045e-05
72300	3.843803772089481e-31	3.0000000000000045e-05
72400	3.477846938822322e-31	3.0000000000000045e-05
72500	3.146733173027874e-31	3.0000000000000045e-05
72600	2.8471433788595328e-31	3.0000000000000045e-05
72700	2.5760766285803714e-31	3.0000000000000045e-05
72800	2.3308168267113236e-31	3.0000000000000045e-05
72900	2.1089075683210276e-31	3.0000000000000045e-05
73000	1.9081256729007629e-31	3.0000000000000045e-05
73100	1.7264591211033174e-31	3.0000000000000045e-05
73200	1.5620888661665538e-31	3.0000000000000045e-05
73300	1.4133676204749775e-31	3.0000000000000045e-05
73400	1.2788057414503184e-31	3.0000000000000045e-05
73500	1.1570550477962278e-31	3.0000000000000045e-05
73600	1.0468954483784027e-31	3.0000000000000045e-05
73700	9.472240331672813e-32	3.0000000000000045e-05
73800	8.570418859445604e-32	3.0000000000000045e-05
73900	7.754456133859793e-32	3.0000000000000045e-05
74000	7.016180694300596e-32	3.0000000000000045e-05
74100	6.348193597920688e-32	3.0000000000000045e-05
74200	5.743803742845464e-32	3.0000000000000045e-05
74300	5.196952909700664e-32	3.0000000000000045e-05
74400	4.702167821741291e-32	3.0000000000000045e-05
74500	4.2544900971655886e-32	3.0000000000000045e-05
74600	3.8494342528067054e-32	3.0000000000000045e-05
74700	3.48294260565246e-32	3.0000000000000045e-05
74800	3.15134357466824e-32	3.0000000000000045e-05
74900	2.851315093724587e-32	3.0000000000000045e-05
75000	2.579851314712311e-32	3.0000000000000045e-05
75100	2.3342316791811546e-32	3.0000000000000045e-05
75200	2.111997471729053e-32	3.0000000000000045e-05
75300	1.9109216590710986e-32	3.0000000000000045e-05
75400	1.7289888904084665e-32	3.0000000000000045e-05
75500	1.5643773755666925e-32	3.0000000000000045e-05
75600	1.4154384842841613e-32	3.0000000000000045e-05
75700	1.2806796428339542e-32	3.0000000000000045e-05
75800	1.1587502868363807e-32	3.0000000000000045e-05
75900	1.0484295763226852e-32	3.0000000000000045e-05
76000	9.486117911137568e-33	3.0000000000000045e-05
76100	8.582977599558026e-33	3.0000000000000045e-05
76200	7.765820265553101e-33	3.0000000000000045e-05
76300	7.026464899397867e-33	3.0000000000000045e-05
76400	6.357495338530526e-33	3.0000000000000045e-05
76500	5.7522205662607235e-33	3.0000000000000045e-05
76600	5.2045696338681615e-33	3.0000000000000045e-05
76700	4.709060571092729e-33	3.0000000000000045e-05
76800	4.260726767770954e-33	3.0000000000000045e-05
76900	3.855076182900739e-33	3.0000000000000045e-05
77000	3.488047711181492e-33	3.0000000000000045e-05
77100	3.155962751365589e-33	3.0000000000000045e-05
77200	2.855493948727028e-33	3.0000000000000045e-05
77300	2.5836312236280697e-33	3.0000000000000045e-05
77400	2.3376519551483795e-33	3.0000000000000045e-05
77500	2.1150915645409342e-33	3.0000000000000045e-05
77600	1.913720108553411e-33	3.0000000000000045e-05
77700	1.73152107268872e-33	3.0000000000000045e-05
77800	1.566669421245278e-33	3.0000000000000045e-05
77900	1.417512059198018e-33	3.0000000000000045e-05
78000	1.2825554092585433e-33	3.0000000000000045e-05
78100	1.1604476428755028e-33	3.0000000000000045e-05
78200	1.04996529674872e-33	3.0000000000000045e-05
78300	9.50001280307256e-34	3.0000000000000045e-05
78400	8.595544253456944e-34	3.0000000000000048e-05
78500	7.77718870578409e-34	3.000000000000005e-05
78600	7.036749071277799e-34	3.0000000000000055e-05
78700	6.366804061618463e-34	3.0000000000000055e-05
78800	5.76063990726985e-34	3.0000000000000055e-05
78900	5.212189229805753e-34	3.0000000000000055e-05
79000	4.715954698511018e-34	3.0000000000000055e-05
79100	4.26696370167552e-34	3.0000000000000055e-05
79200	3.860720596827118e-34	3.0000000000000055e-05
79300	3.4931547849272606e-34	3.0000000000000055e-05
79400	3.1605837994295943e-34	3.0000000000000055e-05
79500	2.8596755434468058e-34	3.0000000000000055e-05
79600	2.5874153243440837e-34	3.0000000000000055e-05
79700	2.3410768139290307e-34	3.0000000000000055e-05
79800	2.118190180900829e-34	3.0000000000000055e-05
79900	1.9165247353410421e-34	3.0000000000000055e-05
80000	1.7340591289289752e-34	3.0000000000000055e-05
80100	1.5689650150669423e-34	3.0000000000000055e-05
80200	1.4195888177434856e-34	3.0000000000000055e-05
80300	1.2844343097354773e-34	3.0000000000000055e-05
80400	1.1621478764070626e-34	3.0000000000000055e-05
80500	1.0515036757409207e-34	3.000000000000005e-05
80600	9.513936768754165e-35	3.0000000000000028e-05
80700	8.608147861239893e-35	3.0000000000000028e-05
80800	7.788595570843954e-35	3.0000000000000028e-05
80900	7.047070649410927e-35	3.0000000000000024e-05
81000	6.376143337187896e-35	3.0000000000000024e-05
81100	5.769092955290847e-35	3.0000000000000024e-05
81200	5.219837365521557e-35	3.0000000000000024e-05
81300	4.7228718900223513e-35	3.0000000000000024e-05
81400	4.273222397860201e-35	3.0000000000000024e-05
81500	3.8663832170830763e-35	3.0000000000000024e-05
81600	3.4982772855199964e-35	3.0000000000000024e-05
81700	3.165218768404192e-35	3.0000000000000024e-05
81800	2.8638693980287664e-35	3.0000000000000024e-05
81900	2.591210237054548e-35	3.0000000000000024e-05
82000	2.3445097790705294e-35	3.0000000000000024e-05
82100	2.121296799966388e-35	3.0000000000000024e-05
82200	1.9193351084217324e-35	3.0000000000000024e-05
82300	1.7366015856248482e-35	3.0000000000000024e-05
82400	1.5712652801634978e-35	3.0000000000000024e-05
82500	1.4216708407510332e-35	3.0000000000000024e-05
82600	1.2863186165890317e-35	3.0000000000000024e-05
82700	1.1638527321137116e-35	3.0000000000000024e-05
82800	1.0530461379139977e-35	3.0000000000000024e-05
82900	9.527891818229646e-36	3.0000000000000024e-05
83000	8.62077037658361e-36	3.0000000000000024e-05
83100	7.80001409696126e-36	3.0000000000000024e-05
83200	7.057403024472294e-36	3.0000000000000024e-05
83300	6.385486792993746e-36	3.0000000000000024e-05
83400	5.7775462250741915e-36	3.0000000000000024e-05
83500	5.227485020816665e-36	3.0000000000000024e-05
83600	4.729793528604679e-36	3.0000000000000024e-05
83700	4.279487411448842e-36	3.0000000000000024e-05
83800	3.872051876522651e-36	3.0000000000000024e-05
83900	3.503407152542141e-36	3.0000000000000024e-05
84000	3.169859277333285e-36	3.0000000000000024e-05
84100	2.8680668550619676e-36	3.0000000000000024e-05
84200	2.5950078919488773e-36	3.0000000000000024e-05
84300	2.347945291862714e-36	3.0000000000000024e-05
84400	2.124405171196591e-36	3.0000000000000024e-05
84500	1.922147231533068e-36	3.0000000000000024e-05
84600	1.7391463346749264e-36	3.0000000000000024e-05
84700	1.5735685366478322e-36	3.0000000000000024e-05
84800	1.4237542855812743e-36	3.0000000000000024e-05
84900	1.2882034976723942e-36	3.0000000000000024e-05
85000	1.1655581474710828e-36	3.0000000000000024e-05
85100	1.0545890428586032e-36	3.0000000000000024e-05
85200	9.541848287262641e-37	3.0000000000000024e-05
85300	8.633397453583109e-37	3.0000000000000024e-05
85400	7.81144078227296e-37	3.0000000000000024e-05
85500	7.06773925714667e-37	3.0000000000000024e-05
85600	6.394843470317595e-37	3.000000000000002e-05
85700	5.786012184305923e-37	3.000000000000001e-05
85800	5.235145327648172e-37	2.9999999999999997e-05
85900	4.736724182011641e-37	2.999999999999999e-05
86000	4.2857548772916066e-37	2.9999999999999984e-05
86100	3.877721029518683e-37	2.9999999999999984e-05
86200	3.5085357429542473e-37	2.9999999999999984e-05
86300	3.1744991494833338e-37	2.9999999999999984e-05
86400	2.8722659017906023e-37	2.9999999999999984e-05
86500	2.5988075932861037e-37	2.9999999999999984e-05
86600	2.351383734502068e-37	2.9999999999999984e-05
86700	2.127516035751403e-37	2.9999999999999984e-05
86800	1.924962149452678e-37	2.9999999999999984e-05
86900	1.741692363393722e-37	2.9999999999999984e-05
87000	1.5758715556431518e-37	2.9999999999999984e-05
87100	1.4258380614090463e-37	2.9999999999999984e-05
87200	1.2900888118234554e-37	2.9999999999999984e-05
87300	1.1672640597299479e-37	2.9999999999999984e-05
87400	1.0561326216063782e-37	2.9999999999999984e-05
87500	9.55581778079959e-38	2.9999999999999984e-05
87600	8.646040095868828e-38	2.9999999999999984e-05
87700	7.822879630304675e-38	2.9999999999999984e-05
87800	7.07808968347167e-38	2.9999999999999984e-05
87900	6.404207175935994e-38	2.9999999999999984e-05
88000	5.794485976148649e-38	2.9999999999999984e-05
88100	5.242812963597901e-38	2.9999999999999984e-05
88200	4.74366136219162e-38	2.9999999999999984e-05
88300	4.2920322927967273e-38	2.9999999999999984e-05
88400	3.8834015918538085e-38	2.9999999999999984e-05
88500	3.5136754537080634e-38	2.9999999999999984e-05
88600	3.179150145082209e-38	2.9999999999999984e-05
88700	2.8764743750335133e-38	2.9999999999999984e-05
88800	2.602614258735588e-38	2.9999999999999984e-05
88900	2.3548273680652667e-38	2.9999999999999984e-05
89000	2.130631635655754e-38	2.9999999999999984e-05
89100	1.9277814390674549e-38	2.9999999999999984e-05
89200	1.7442437414216073e-38	2.9999999999999984e-05
89300	1.5781801695759674e-38	2.9999999999999984e-05
89400	1.4279269529045003e-38	2.9999999999999984e-05
89500	1.2919790133481013e-38	2.9999999999999984e-05
89600	1.1689741580386813e-38	2.9999999999999984e-05
89700	1.0576798323808538e-38	2.9999999999999984e-05
89800	9.56981821329727e-39	2.9999999999999984e-05
89900	8.658706507332227e-39	2.9999999999999984e-05
90000	7.834342716567005e-39	2.9999999999999984e-05
90100	7.088459316128172e-39	2.9999999999999984e-05
90200	6.413597204267371e-39	2.9999999999999984e-05
90300	5.802977597628745e-39	2.9999999999999984e-05
90400	5.250487253749482e-39	2.9999999999999984e-05
90500	4.750606592458418e-39	2.9999999999999984e-05
90600	4.298317571510608e-39	2.9999999999999984e-05
90700	3.889079797834044e-39	2.9999999999999984e-05
90800	3.518814399105617e-39	2.9999999999999984e-05
90900	3.1837939320544857e-39	2.9999999999999984e-05
91000	2.8806767044093128e-39	2.9999999999999984e-05
91100	2.6064197068548997e-39	2.9999999999999984e-05
91200	2.3582726304742583e-39	2.9999999999999984e-05
91300	2.1337486444067474e-39	2.9999999999999984e-05
91400	1.930596372726225e-39	2.9999999999999984e-05
91500	1.7467898097107846e-39	2.9999999999999984e-05
91600	1.5804832167815775e-39	2.9999999999999984e-05
91700	1.430005696893762e-39	2.9999999999999984e-05
91800	1.293873930058229e-39	2.9999999999999984e-05
91900	1.1706888657119934e-39	2.9999999999999984e-05
92000	1.0592339738856087e-39	2.9999999999999984e-05
92100	9.58388387152786e-40	2.9999999999999984e-05
92200	8.671450470755643e-40	2.9999999999999984e-05
92300	7.845844291742704e-40	2.9999999999999984e-05
92400	7.0988464255638816e-40	2.9999999999999984e-05
92500	6.422916098312163e-40	2.9999999999999984e-05
92600	5.811418838866387e-40	2.9999999999999984e-05
92700	5.258146899177441e-40	2.9999999999999984e-05
92800	4.757527027650206e-40	2.9999999999999984e-05
92900	4.304628745492555e-40	2.9999999999999984e-05
93000	3.894805551081896e-40	2.9999999999999984e-05
93100	3.5239828024414206e-40	2.9999999999999974e-05
93200	3.1884981418551477e-40	2.999999999999997e-05
93300	2.884949055278165e-40	2.9999999999999967e-05
93400	2.610294556270501e-40	2.9999999999999967e-05
93500	2.3617677523157533e-40	2.9999999999999967e-05
93600	2.1368874118112384e-40	2.9999999999999967e-05
93700	1.933461879520106e-40	2.9999999999999967e-05
93800	1.7493877046010332e-40	2.9999999999999967e-05
93900	1.5828293691313855e-40	2.9999999999999967e-05
94000	1.4321222665175479e-40	2.9999999999999967e-05
94100	1.295776146054706e-40	2.9999999999999967e-05
94200	1.1724198422401924e-40	2.9999999999999967e-05
94300	1.0607936852289002e-40	2.9999999999999967e-05
94400	9.59774078935724e-41	2.9999999999999967e-05
94500	8.684238779395606e-41	2.9999999999999967e-05
94600	7.857500879008547e-41	2.9999999999999967e-05
94700	7.109487758751959e-41	2.9999999999999967e-05
94800	6.432800730329505e-41	2.9999999999999967e-05
94900	5.820153041726695e-41	2.9999999999999967e-05
95000	5.266079628932663e-41	2.9999999999999967e-05
95100	4.764975298090108e-41	2.9999999999999967e-05
95200	4.311234855341732e-41	2.9999999999999967e-05
95300	3.900934664987426e-41	2.9999999999999967e-05
95400	3.529450442094917e-41	2.9999999999999967e-05
95500	3.1934190703498256e-41	2.9999999999999967e-05
95600	2.889197173744908e-41	2.9999999999999967e-05
95700	2.6142624150443787e-41	2.9999999999999967e-05
95800	2.3658121973195887e-41	2.9999999999999967e-05
95900	2.140483404256158e-41	2.9999999999999967e-05
96000	1.9370148672361946e-41	2.9999999999999967e-05
96100	1.7514829505595889e-41	2.9999999999999967e-05
96200	1.5855692123835305e-41	2.9999999999999967e-05
96300	1.4349296274686127e-41	2.9999999999999967e-05
96400	1.2984431570433755e-41	2.9999999999999967e-05
96500	1.1742881131041967e-41	2.9999999999999967e-05
96600	1.0621842359582113e-41	2.9999999999999967e-05
96700	9.626920449911493e-42	2.9999999999999967e-05
96800	8.711872552707388e-42	2.9999999999999967e-05
96900	7.871093474112497e-42	2.9999999999999967e-05
97000	7.142418272663593e-42	2.9999999999999967e-05
97100	6.441769040501184e-42	2.9999999999999967e-05
97200	5.853223685484761e-42	2.9999999999999967e-05
97300	5.292704299754834e-42	2.9999999999999967e-05
97400	4.774223867954652e-42	2.9999999999999967e-05
97500	4.3538343286572066e-42	2.9999999999999967e-05
97600	3.9334447893597615e-42	2.9999999999999967e-05
97700	3.5130552500623164e-42	2.9999999999999967e-05
97800	3.2285916618043785e-42	2.9999999999999967e-05
97900	2.948331968939415e-42	2.9999999999999967e-05
98000	2.6680722760744517e-42	2.9999999999999967e-05
98100	2.3878125832094883e-42	2.9999999999999967e-05
98200	2.107552890344525e-42	2.9999999999999967e-05
98300	1.9646204469833935e-42	2.9999999999999967e-05
98400	1.8244906005509118e-42	2.9999999999999967e-05
98500	1.68436075411843e-42	2.9999999999999967e-05
98600	1.5442309076859484e-42	2.9999999999999967e-05
98700	1.4041010612534667e-42	2.9999999999999967e-05
98800	1.263971214820985e-42	2.9999999999999967e-05
98900	1.1238413683885033e-42	2.9999999999999967e-05
99000	9.837115219560216e-43	2.9999999999999967e-05
99100	8.435816755235399e-43	2.9999999999999967e-05
99200	7.034518290910582e-43	2.9999999999999967e-05
99300	7.006492321624085e-43	2.9999999999999967e-05
99400	7.006492321624085e-43	2.9999999999999967e-05
99500	7.006492321624085e-43	2.9999999999999967e-05
99600	7.006492321624085e-43	2.9999999999999967e-05
99700	7.006492321624085e-43	2.9999999999999967e-05
99800	7.006492321624085e-43	2.9999999999999967e-05
99900	7.006492321624085e-43	2.9999999999999967e-05
100000	7.006492321624085e-43	2.9999999999999967e-05
100100	7.006492321624085e-43	2.9999999999999967e-05
100200	7.006492321624085e-43	2.9999999999999967e-05
100300	7.006492321624085e-43	2.9999999999999967e-05
100400	7.006492321624085e-43	2.9999999999999967e-05
100500	7.006492321624085e-43	2.9999999999999967e-05
100600	7.006492321624085e-43	2.9999999999999967e-05
100700	7.006492321624085e-43	2.9999999999999967e-05
100800	7.006492321624085e-43	2.9999999999999967e-05
100900	7.006492321624085e-43	2.9999999999999967e-05
101000	7.006492321624085e-43	2.9999999999999967e-05
101100	7.006492321624085e-43	2.9999999999999967e-05
101200	7.006492321624085e-43	2.9999999999999967e-05
101300	7.006492321624085e-43	2.9999999999999967e-05
101400	7.006492321624085e-43	2.9999999999999967e-05
101500	7.006492321624085e-43	2.9999999999999967e-05
101600	7.006492321624085e-43	2.9999999999999967e-05
101700	7.006492321624085e-43	2.9999999999999967e-05
101800	7.006492321624085e-43	2.9999999999999967e-05
101900	7.006492321624085e-43	2.9999999999999967e-05
102000	7.006492321624085e-43	2.9999999999999967e-05
102100	7.006492321624085e-43	2.9999999999999967e-05
102200	7.006492321624085e-43	2.9999999999999967e-05
102300	7.006492321624085e-43	2.9999999999999967e-05
102400	7.006492321624085e-43	2.9999999999999967e-05
102500	7.006492321624085e-43	2.9999999999999967e-05
102600	7.006492321624085e-43	2.9999999999999967e-05
102700	7.006492321624085e-43	2.9999999999999967e-05
102800	7.006492321624085e-43	2.9999999999999967e-05
102900	7.006492321624085e-43	2.9999999999999967e-05
103000	7.006492321624085e-43	2.9999999999999967e-05
103100	7.006492321624085e-43	2.9999999999999967e-05
103200	7.006492321624085e-43	2.9999999999999967e-05
103300	7.006492321624085e-43	2.9999999999999967e-05
103400	7.006492321624085e-43	2.9999999999999967e-05
103500	7.006492321624085e-43	2.9999999999999967e-05
103600	7.006492321624085e-43	2.9999999999999967e-05
103700	7.006492321624085e-43	2.9999999999999967e-05
103800	7.006492321624085e-43	2.9999999999999967e-05
103900	7.006492321624085e-43	2.9999999999999963e-05
104000	7.006492321624085e-43	2.9999999999999963e-05
104100	7.006492321624085e-43	2.9999999999999963e-05
104200	7.006492321624085e-43	2.9999999999999963e-05
104300	7.006492321624085e-43	2.9999999999999963e-05
104400	7.006492321624085e-43	2.9999999999999963e-05
104500	7.006492321624085e-43	2.9999999999999963e-05
104600	7.006492321624085e-43	2.9999999999999963e-05
104700	7.006492321624085e-43	2.9999999999999963e-05
104800	7.006492321624085e-43	2.9999999999999963e-05
104900	7.006492321624085e-43	2.9999999999999963e-05
105000	7.006492321624085e-43	2.9999999999999963e-05
105100	7.006492321624085e-43	2.9999999999999963e-05
105200	7.006492321624085e-43	2.9999999999999963e-05
105300	7.006492321624085e-43	2.9999999999999963e-05
105400	7.006492321624085e-43	2.9999999999999963e-05
105500	7.006492321624085e-43	2.9999999999999963e-05
105600	7.006492321624085e-43	2.9999999999999963e-05
105700	7.006492321624085e-43	2.9999999999999963e-05
105800	7.006492321624085e-43	2.9999999999999963e-05
105900	7.006492321624085e-43	2.9999999999999963e-05
106000	7.006492321624085e-43	2.9999999999999963e-05
106100	7.006492321624085e-43	2.9999999999999963e-05
106200	7.006492321624085e-43	2.9999999999999963e-05
106300	7.006492321624085e-43	2.9999999999999963e-05
106400	7.006492321624085e-43	2.9999999999999963e-05
106500	7.006492321624085e-43	2.9999999999999963e-05
106600	7.006492321624085e-43	2.9999999999999963e-05
106700	7.006492321624085e-43	2.9999999999999963e-05
106800	7.006492321624085e-43	2.9999999999999963e-05
106900	7.006492321624085e-43	2.9999999999999963e-05
107000	7.006492321624085e-43	2.9999999999999963e-05
107100	7.006492321624085e-43	2.9999999999999963e-05
107200	7.006492321624085e-43	2.9999999999999963e-05
107300	7.006492321624085e-43	2.9999999999999963e-05
107400	7.006492321624085e-43	2.9999999999999963e-05
107500	7.006492321624085e-43	2.9999999999999963e-05
107600	7.006492321624085e-43	2.9999999999999963e-05
107700	7.006492321624085e-43	2.9999999999999963e-05
107800	7.006492321624085e-43	2.9999999999999963e-05
107900	7.006492321624085e-43	2.9999999999999963e-05
108000	7.006492321624085e-43	2.9999999999999963e-05
108100	7.006492321624085e-43	2.9999999999999963e-05
108200	7.006492321624085e-43	2.9999999999999963e-05
108300	7.006492321624085e-43	2.9999999999999963e-05
108400	7.006492321624085e-43	2.9999999999999963e-05
108500	7.006492321624085e-43	2.9999999999999963e-05
108600	7.006492321624085e-43	2.9999999999999963e-05
108700	7.006492321624085e-43	2.9999999999999963e-05
108800	7.006492321624085e-43	2.9999999999999963e-05
108900	7.006492321624085e-43	2.9999999999999963e-05
109000	7.006492321624085e-43	2.9999999999999963e-05
109100	7.006492321624085e-43	2.9999999999999963e-05
109200	7.006492321624085e-43	2.9999999999999963e-05
109300	7.006492321624085e-43	2.9999999999999963e-05
109400	7.006492321624085e-43	2.9999999999999963e-05
109500	7.006492321624085e-43	2.9999999999999963e-05
109600	7.006492321624085e-43	2.9999999999999963e-05
109700	7.006492321624085e-43	2.9999999999999963e-05
109800	7.006492321624085e-43	2.9999999999999963e-05
109900	7.006492321624085e-43	2.9999999999999963e-05
110000	7.006492321624085e-43	2.9999999999999963e-05
110100	7.006492321624085e-43	2.9999999999999963e-05
110200	7.006492321624085e-43	2.9999999999999963e-05
110300	7.006492321624085e-43	2.9999999999999963e-05
110400	7.006492321624085e-43	2.9999999999999963e-05
110500	7.006492321624085e-43	2.9999999999999963e-05
110600	7.006492321624085e-43	2.9999999999999963e-05
110700	7.006492321624085e-43	2.9999999999999963e-05
110800	7.006492321624085e-43	2.9999999999999963e-05
110900	7.006492321624085e-43	2.9999999999999963e-05
111000	7.006492321624085e-43	2.9999999999999963e-05
111100	7.006492321624085e-43	2.9999999999999963e-05
111200	7.006492321624085e-43	2.9999999999999963e-05
111300	7.006492321624085e-43	2.9999999999999963e-05
111400	7.006492321624085e-43	2.9999999999999963e-05
111500	7.006492321624085e-43	2.9999999999999963e-05
111600	7.006492321624085e-43	2.9999999999999963e-05
111700	7.006492321624085e-43	2.9999999999999963e-05
111800	7.006492321624085e-43	2.9999999999999963e-05
111900	7.006492321624085e-43	2.9999999999999963e-05
112000	7.006492321624085e-43	2.9999999999999963e-05
112100	7.006492321624085e-43	2.9999999999999963e-05
112200	7.006492321624085e-43	2.9999999999999963e-05
112300	7.006492321624085e-43	2.9999999999999963e-05
112400	7.006492321624085e-43	2.9999999999999963e-05
112500	7.006492321624085e-43	2.9999999999999963e-05
112600	7.006492321624085e-43	2.9999999999999963e-05
112700	7.006492321624085e-43	2.9999999999999963e-05
112800	7.006492321624085e-43	2.9999999999999963e-05
112900	7.006492321624085e-43	2.9999999999999963e-05
113000	7.006492321624085e-43	2.9999999999999963e-05
113100	7.006492321624085e-43	2.9999999999999963e-05
113200	7.006492321624085e-43	2.9999999999999963e-05
113300	7.006492321624085e-43	2.9999999999999963e-05
113400	7.006492321624085e-43	2.9999999999999963e-05
113500	7.006492321624085e-43	2.9999999999999963e-05
113600	7.006492321624085e-43	2.9999999999999963e-05
113700	7.006492321624085e-43	2.9999999999999963e-05
113800	7.006492321624085e-43	2.9999999999999963e-05
113900	7.006492321624085e-43	2.9999999999999963e-05
114000	7.006492321624085e-43	2.9999999999999963e-05
114100	7.006492321624085e-43	2.9999999999999963e-05
114200	7.006492321624085e-43	2.9999999999999963e-05
114300	7.006492321624085e-43	2.9999999999999963e-05
114400	7.006492321624085e-43	2.9999999999999963e-05
114500	7.006492321624085e-43	2.9999999999999963e-05
114600	7.006492321624085e-43	2.9999999999999963e-05
114700	7.006492321624085e-43	2.9999999999999963e-05
114800	7.006492321624085e-43	2.9999999999999963e-05
114900	7.006492321624085e-43	2.9999999999999963e-05
115000	7.006492321624085e-43	2.9999999999999963e-05
115100	7.006492321624085e-43	2.9999999999999963e-05
115200	7.006492321624085e-43	2.9999999999999963e-05
115300	7.006492321624085e-43	2.9999999999999963e-05
115400	7.006492321624085e-43	2.9999999999999963e-05
115500	7.006492321624085e-43	2.9999999999999963e-05
115600	7.006492321624085e-43	2.9999999999999963e-05
115700	7.006492321624085e-43	2.9999999999999963e-05
115800	7.006492321624085e-43	2.9999999999999963e-05
115900	7.006492321624085e-43	2.9999999999999963e-05
116000	7.006492321624085e-43	2.9999999999999963e-05
116100	7.006492321624085e-43	2.9999999999999963e-05
116200	7.006492321624085e-43	2.9999999999999963e-05
116300	7.006492321624085e-43	2.9999999999999963e-05
116400	7.006492321624085e-43	2.9999999999999963e-05
116500	7.006492321624085e-43	2.9999999999999963e-05
116600	7.006492321624085e-43	2.9999999999999963e-05
116700	7.006492321624085e-43	2.9999999999999963e-05
116800	7.006492321624085e-43	2.9999999999999963e-05
116900	7.006492321624085e-43	2.9999999999999963e-05
117000	7.006492321624085e-43	2.9999999999999963e-05
117100	7.006492321624085e-43	2.9999999999999963e-05
117200	7.006492321624085e-43	2.9999999999999963e-05
117300	7.006492321624085e-43	2.9999999999999963e-05
117400	7.006492321624085e-43	2.9999999999999963e-05
117500	7.006492321624085e-43	2.9999999999999963e-05
117600	7.006492321624085e-43	2.9999999999999963e-05
117700	7.006492321624085e-43	2.9999999999999963e-05
117800	7.006492321624085e-43	2.9999999999999963e-05
117900	7.006492321624085e-43	2.9999999999999963e-05
118000	7.006492321624085e-43	2.9999999999999963e-05
118100	7.006492321624085e-43	2.9999999999999963e-05
118200	7.006492321624085e-43	2.9999999999999963e-05
118300	7.006492321624085e-43	2.9999999999999963e-05
118400	7.006492321624085e-43	2.9999999999999963e-05
118500	7.006492321624085e-43	2.9999999999999963e-05
118600	7.006492321624085e-43	2.999999999999996e-05
118700	7.006492321624085e-43	2.999999999999996e-05
118800	7.006492321624085e-43	2.9999999999999957e-05
118900	7.006492321624085e-43	2.9999999999999957e-05
119000	7.006492321624085e-43	2.9999999999999957e-05
119100	7.006492321624085e-43	2.9999999999999957e-05
119200	7.006492321624085e-43	2.9999999999999957e-05
119300	7.006492321624085e-43	2.9999999999999957e-05
119400	7.006492321624085e-43	2.9999999999999957e-05
119500	7.006492321624085e-43	2.9999999999999957e-05
119600	7.006492321624085e-43	2.9999999999999957e-05
119700	7.006492321624085e-43	2.9999999999999957e-05
119800	7.006492321624085e-43	2.9999999999999957e-05
119900	7.006492321624085e-43	2.9999999999999957e-05
120000	7.006492321624085e-43	2.9999999999999957e-05
120100	7.006492321624085e-43	2.9999999999999953e-05
120200	7.006492321624085e-43	2.9999999999999953e-05
120300	7.006492321624085e-43	2.9999999999999953e-05
120400	7.006492321624085e-43	2.9999999999999953e-05
120500	7.006492321624085e-43	2.9999999999999953e-05
120600	7.006492321624085e-43	2.9999999999999953e-05
120700	7.006492321624085e-43	2.9999999999999953e-05
120800	7.006492321624085e-43	2.9999999999999953e-05
120900	7.006492321624085e-43	2.9999999999999953e-05
121000	7.006492321624085e-43	2.9999999999999953e-05
121100	7.006492321624085e-43	2.9999999999999953e-05
121200	7.006492321624085e-43	2.9999999999999953e-05
121300	7.006492321624085e-43	2.9999999999999953e-05
121400	7.006492321624085e-43	2.9999999999999953e-05
121500	7.006492321624085e-43	2.9999999999999953e-05
121600	7.006492321624085e-43	2.9999999999999953e-05
121700	7.006492321624085e-43	2.9999999999999953e-05
121800	7.006492321624085e-43	2.9999999999999953e-05
121900	7.006492321624085e-43	2.9999999999999953e-05
122000	7.006492321624085e-43	2.9999999999999953e-05
122100	7.006492321624085e-43	2.9999999999999953e-05
122200	7.006492321624085e-43	2.9999999999999953e-05
122300	7.006492321624085e-43	2.9999999999999953e-05
122400	7.006492321624085e-43	2.9999999999999953e-05
122500	7.006492321624085e-43	2.9999999999999953e-05
122600	7.006492321624085e-43	2.9999999999999953e-05
122700	7.006492321624085e-43	2.9999999999999953e-05
122800	7.006492321624085e-43	2.9999999999999953e-05
122900	7.006492321624085e-43	2.9999999999999953e-05
123000	7.006492321624085e-43	2.9999999999999953e-05
123100	7.006492321624085e-43	2.9999999999999953e-05
123200	7.006492321624085e-43	2.9999999999999953e-05
123300	7.006492321624085e-43	2.9999999999999953e-05
123400	7.006492321624085e-43	2.9999999999999953e-05
123500	7.006492321624085e-43	2.9999999999999953e-05
123600	7.006492321624085e-43	2.9999999999999953e-05
123700	7.006492321624085e-43	2.9999999999999953e-05
123800	7.006492321624085e-43	2.9999999999999953e-05
123900	7.006492321624085e-43	2.9999999999999953e-05
124000	7.006492321624085e-43	2.9999999999999953e-05
124100	7.006492321624085e-43	2.9999999999999953e-05
124200	7.006492321624085e-43	2.9999999999999953e-05
124300	7.006492321624085e-43	2.9999999999999953e-05
124400	7.006492321624085e-43	2.9999999999999953e-05
124500	7.006492321624085e-43	2.9999999999999953e-05
124600	7.006492321624085e-43	2.9999999999999953e-05
124700	7.006492321624085e-43	2.9999999999999953e-05
124800	7.006492321624085e-43	2.9999999999999953e-05
124900	7.006492321624085e-43	2.9999999999999953e-05
125000	7.006492321624085e-43	2.9999999999999953e-05
