MCS	AvgNutrientConcentration	AvgUptake
0	99.90990792211915	0.02
100	91.34248339633179	0.02
200	83.59070802526855	0.02
300	76.57691977963256	0.02
400	70.23090800650024	0.02
500	64.48905222926331	0.02
600	59.29349314108276	0.02
700	54.5925538805542	0.02
800	50.33914519023132	0.02
900	46.49066096774292	0.02
1000	43.0085504072876	0.020666666666666667
1100	39.857962474243166	0.020666666666666667
1200	37.00730720033264	0.020666666666666667
1300	34.42803642144776	0.020666666666666667
1400	32.09431022454834	0.020666666666666667
1500	29.982920302848814	0.020666666666666667
1600	28.072537967697144	0.020666666666666667
1700	26.344016581848145	0.020666666666666667
1800	24.780031803123475	0.020666666666666667
1900	23.364927860099794	0.020666666666666667
2000	22.08453740271759	0.020666666666666667
2100	20.926034654579162	0.020666666666666667
2200	19.877815365814207	0.020666666666666667
2300	18.929376382003785	0.020666666666666667
2400	18.07120834508133	0.020666666666666667
2500	17.294725044181824	0.020666666666666667
2600	16.592148010417937	0.020666666666666667
2700	15.956428801197053	0.020666666666666667
2800	15.381227429485321	0.020666666666666667
2900	14.860763255363464	0.020666666666666667
3000	14.389831210845948	0.020666666666666667
3100	13.963717028816223	0.020666666666666667
3200	13.578154033119201	0.020666666666666667
3300	13.229275149993896	0.020666666666666667
3400	12.913602688415528	0.020666666666666667
3500	12.627960491275788	0.020666666666666667
3600	12.369493836765288	0.020666666666666667
3700	12.135611300125122	0.020666666666666667
3800	11.92397665778351	0.020666666666666667
3900	11.73247294234848	0.020666666666666667
4000	11.559188023952483	0.020666666666666667
4100	11.402378653118134	0.020666666666666667
4200	11.260485961208344	0.020666666666666667
4300	11.13208067401886	0.020666666666666667
4400	11.015879165229798	0.020666666666666667
4500	10.910720149108887	0.020666666666666667
4600	10.815561720165253	0.020666666666666667
4700	10.72943919223404	0.020666666666666667
4800	10.651501845161437	0.020666666666666667
4900	10.580960849029541	0.020666666666666667
5000	10.517117048933029	0.020666666666666667
5100	10.459334155197144	0.020666666666666667
5200	10.407028850257873	0.020666666666666667
5300	10.359683665161132	0.020666666666666667
5400	10.316824866044998	0.020666666666666667
5500	10.278026185539245	0.020666666666666667
5600	10.242911704278946	0.020666666666666667
5700	10.211115734651566	0.020666666666666667
5800	10.18232726505661	0.020666666666666667
5900	10.156264958496093	0.020666666666666667
6000	10.132672138561249	0.020666666666666667
6100	10.111299597312927	0.020666666666666667
6200	10.091938915576934	0.020666666666666667
6300	10.074403049121857	0.020666666666666667
6400	10.058514123218536	0.020666666666666667
6500	10.044124957443238	0.020666666666666667
6600	10.031084587490081	0.020666666666666667
6700	10.019270520011903	0.020666666666666667
6800	10.0085594322052	0.020666666666666667
6900	9.998855010856628	0.020666666666666667
7000	9.990052624914169	0.020666666666666667
7100	9.982069854068756	0.020666666666666667
7200	9.974828787698746	0.020666666666666667
7300	9.968251686151504	0.020666666666666667
7400	9.962287903158188	0.020666666666666667
7500	9.956868737630844	0.020666666666666667
7600	9.951944056415558	0.020666666666666667
7700	9.94747615143776	0.020666666666666667
7800	9.943407438318253	0.020666666666666667
7900	9.939703003448486	0.020666666666666667
8000	9.93634381124878	0.020666666666666667
8100	9.933291606967925	0.020666666666666667
8200	9.930498398641586	0.020666666666666667
8300	9.927951559225082	0.020666666666666667
8400	9.925630510047913	0.020666666666666667
8500	9.923512781991958	0.020666666666666667
8600	9.921573887134551	0.020666666666666667
8700	9.919801973922729	0.020666666666666667
8800	9.918176412353516	0.020666666666666667
8900	9.916688427013398	0.020666666666666667
9000	9.915310379323959	0.020666666666666667
9100	9.914053019598008	0.020666666666666667
9200	9.912903479297638	0.020666666666666667
9300	9.911834375471114	0.020666666666666667
9400	9.910846493160248	0.020666666666666667
9500	9.909934962989807	0.020666666666666667
9600	9.909101240182876	0.020666666666666667
9700	9.908335152727128	0.020666666666666667
9800	9.90762288418007	0.020666666666666667
9900	9.90696695139122	0.020666666666666667
10000	9.906354195892334	0.020666666666666667
10100	9.905773232635498	0.020666666666666667
10200	9.905223054283143	0.020666666666666667
10300	9.904711627468108	0.020666666666666667
10400	9.904222212747573	0.020666666666666667
10500	9.903754514621735	0.020666666666666667
10600	9.903318713468552	0.020666666666666667
10700	9.902912970523834	0.020666666666666667
10800	9.902530928564072	0.020666666666666667
10900	9.902154907382965	0.020666666666666667
11000	9.901793394906997	0.020666666666666667
11100	9.901451007369996	0.020666666666666667
11200	9.901113793886184	0.020666666666666667
11300	9.900797379201888	0.020666666666666667
11400	9.90048999420929	0.020666666666666667
11500	9.900187329860687	0.020666666666666667
11600	9.899903027317047	0.020666666666666667
11700	9.899615594860077	0.020666666666666667
11800	9.899341098587037	0.020666666666666667
11900	9.899069009429931	0.020666666666666667
12000	9.898814450429917	0.020666666666666667
12100	9.898561448745728	0.020666666666666667
12200	9.898322296016692	0.020666666666666667
12300	9.898083541383743	0.020666666666666667
12400	9.89784253630066	0.020666666666666667
12500	9.897611972082139	0.020666666666666667
12600	9.897382918020249	0.020666666666666667
12700	9.897165833860397	0.020666666666666667
12800	9.896951403541564	0.020666666666666667
12900	9.896732757242203	0.020666666666666667
13000	9.896528657575608	0.020666666666666667
13100	9.89631805318451	0.020666666666666667
13200	9.896104833330154	0.020666666666666667
13300	9.895890449554443	0.020666666666666667
13400	9.895680029115677	0.020666666666666667
13500	9.895462339767455	0.021333333333333336
13600	9.895245372859955	0.021333333333333336
13700	9.895032111305238	0.021333333333333336
13800	9.894821744722366	0.021333333333333336
13900	9.894613916801452	0.021333333333333336
14000	9.894404737049102	0.021333333333333336
14100	9.894188522050857	0.021333333333333336
14200	9.893973782779694	0.021333333333333336
14300	9.893767860162734	0.021333333333333336
14400	9.893555869703293	0.021333333333333336
14500	9.893350560049058	0.021333333333333336
14600	9.893135949588777	0.021333333333333336
14700	9.892935113002777	0.021333333333333336
14800	9.89272727282524	0.021333333333333336
14900	9.892527580732345	0.021333333333333336
15000	9.892328354784011	0.021333333333333336
15100	9.892124418951035	0.021333333333333336
15200	9.891915043643952	0.021333333333333336
15300	9.891710512786865	0.021333333333333336
15400	9.891514195156097	0.021333333333333336
15500	9.89130501333046	0.021333333333333336
15600	9.891106400382995	0.021333333333333336
15700	9.89089530286026	0.021333333333333336
15800	9.890688421993255	0.021333333333333336
15900	9.890490493913651	0.021333333333333336
16000	9.89028017337036	0.021333333333333336
16100	9.890067926515579	0.021333333333333336
16200	9.88986576696396	0.021333333333333336
16300	9.889655384580612	0.021333333333333336
16400	9.889451444690705	0.021333333333333336
16500	9.88924976415062	0.021333333333333336
16600	9.889053355659485	0.021333333333333336
16700	9.888854129945756	0.021333333333333336
16800	9.888653187261582	0.021333333333333336
16900	9.888453155456544	0.021333333333333336
17000	9.888252051452637	0.021333333333333336
17100	9.88804696273613	0.021333333333333336
17200	9.887845696687698	0.021333333333333336
17300	9.887641105691909	0.021333333333333336
17400	9.887435018299103	0.021333333333333336
17500	9.887225952720643	0.021333333333333336
17600	9.887032451816559	0.021333333333333336
17700	9.886836777536391	0.021333333333333336
17800	9.886642381937026	0.021333333333333336
17900	9.886443299201966	0.021333333333333336
18000	9.886251384946823	0.021333333333333336
18100	9.886047681619644	0.021333333333333336
18200	9.885844503528595	0.021333333333333336
18300	9.885636466096878	0.021333333333333336
18400	9.88543520344162	0.021333333333333336
18500	9.885234487939835	0.021333333333333336
18600	9.885033926168441	0.021333333333333336
18700	9.884828543981552	0.021333333333333336
18800	9.884619954805375	0.021333333333333336
18900	9.884426707487107	0.021333333333333336
19000	9.884227763999938	0.021333333333333336
19100	9.884028754419326	0.021333333333333336
19200	9.883825145959854	0.021333333333333336
19300	9.883626744142532	0.021333333333333336
19400	9.88343149715805	0.021333333333333336
19500	9.883234824445724	0.021333333333333336
19600	9.883038099193573	0.021333333333333336
19700	9.882830524051666	0.021333333333333336
19800	9.882618897935867	0.021333333333333336
19900	9.882412990322113	0.021333333333333336
20000	9.88221570260048	0.021333333333333336
20100	9.882019335834503	0.021333333333333336
20200	9.881825230365752	0.021333333333333336
20300	9.881620289031982	0.021333333333333336
20400	9.881411391685486	0.021333333333333336
20500	9.881202776472092	0.021333333333333336
20600	9.880995134069442	0.021333333333333336
20700	9.880803189462661	0.021333333333333336
20800	9.880605610616684	0.021333333333333336
20900	9.880410390666961	0.021333333333333336
21000	9.880212986818314	0.021333333333333336
21100	9.880001787250519	0.021333333333333336
21200	9.879803239753723	0.021333333333333336
21300	9.879598702100754	0.021333333333333336
21400	9.879404919282914	0.021333333333333336
21500	9.879204600736617	0.021333333333333336
21600	9.879000231531144	0.021333333333333336
21700	9.878793342876435	0.021333333333333336
21800	9.878592112655639	0.021333333333333336
21900	9.878388971115113	0.021333333333333336
22000	9.878191982542038	0.021333333333333336
22100	9.877991171880723	0.021333333333333336
22200	9.8777888452034	0.021333333333333336
22300	9.877594632211686	0.021333333333333336
22400	9.877396101812362	0.021333333333333336
22500	9.877195183612823	0.021333333333333336
22600	9.876991358623505	0.021333333333333336
22700	9.876792590780259	0.021333333333333336
22800	9.876588810325623	0.021333333333333336
22900	9.876384007120132	0.021333333333333336
23000	9.876184562850952	0.021333333333333336
23100	9.875981880224227	0.021333333333333336
23200	9.875791953371047	0.021333333333333336
23300	9.875587971899032	0.021333333333333336
23400	9.875385106891633	0.021333333333333336
23500	9.87518387496376	0.021333333333333336
23600	9.874988234136582	0.021333333333333336
23700	9.874778325918198	0.021333333333333336
23800	9.874581448209762	0.021333333333333336
23900	9.8743838973732	0.021333333333333336
24000	9.874177612462997	0.021333333333333336
24100	9.873973420133591	0.021333333333333336
24200	9.873779172271728	0.021333333333333336
24300	9.873577402040482	0.021333333333333336
24400	9.873373582798004	0.021333333333333336
24500	9.873173476942062	0.021333333333333336
24600	9.872972403718949	0.021333333333333336
24700	9.872775969402314	0.021333333333333336
24800	9.87257600797844	0.021333333333333336
24900	9.87237799426651	0.021333333333333336
25000	9.872175859235764	0.021333333333333336
25100	9.871974989385604	0.021333333333333336
25200	9.871762901050568	0.021333333333333336
25300	9.87156042668152	0.021333333333333336
25400	9.871356165763855	0.021333333333333336
25500	9.871158624084472	0.021333333333333336
25600	9.870956008241654	0.021333333333333336
25700	9.870755969306947	0.021333333333333336
25800	9.87055928609085	0.021333333333333336
25900	9.870356330760956	0.021333333333333336
26000	9.870156808351517	0.021333333333333336
26100	9.869959204868316	0.021333333333333336
26200	9.86976371064186	0.021333333333333336
26300	9.869562310922623	0.021333333333333336
26400	9.869365294212342	0.021333333333333336
26500	9.869165700517655	0.021333333333333336
26600	9.868967056804657	0.021333333333333336
26700	9.868771523748398	0.021333333333333336
26800	9.868571734897614	0.021333333333333336
26900	9.86836902874565	0.021333333333333336
27000	9.868162099189759	0.021333333333333336
27100	9.867960713005067	0.021333333333333336
27200	9.867757462070465	0.021333333333333336
27300	9.867550315338136	0.021333333333333336
27400	9.8673493883667	0.021333333333333336
27500	9.867155726070404	0.021333333333333336
27600	9.866949542518615	0.021333333333333336
27700	9.866746080436707	0.021333333333333336
27800	9.866545080099106	0.021333333333333336
27900	9.866345278240203	0.021333333333333336
28000	9.866145007436753	0.021333333333333336
28100	9.865943801574707	0.021333333333333336
28200	9.865746376232147	0.021333333333333336
28300	9.865543376062393	0.021333333333333336
28400	9.865344947408676	0.021333333333333336
28500	9.865139493829727	0.021333333333333336
28600	9.864945060119629	0.021333333333333336
28700	9.864745944473267	0.021333333333333336
28800	9.864541360729218	0.021333333333333336
28900	9.864331858560561	0.021333333333333336
29000	9.864122352014542	0.021333333333333336
29100	9.863916327283858	0.021333333333333336
29200	9.863714851114272	0.021333333333333336
29300	9.863515402462006	0.021333333333333336
29400	9.863315906297684	0.021333333333333336
29500	9.863115689983369	0.021333333333333336
29600	9.862924079967499	0.021333333333333336
29700	9.862729427488327	0.021333333333333336
29800	9.862528085130691	0.021333333333333336
29900	9.86232637039566	0.021333333333333336
30000	9.862126353141784	0.021333333333333336
30100	9.861937180461883	0.021333333333333336
30200	9.861729997570038	0.021333333333333336
30300	9.86153211814499	0.021333333333333336
30400	9.861336434576035	0.021333333333333336
30500	9.861130428674699	0.021333333333333336
30600	9.860936372760772	0.021333333333333336
30700	9.860727112127304	0.021333333333333336
30800	9.860520355003358	0.021333333333333336
30900	9.860319513900757	0.021333333333333336
31000	9.86012121439743	0.021333333333333336
31100	9.859921265167236	0.021333333333333336
31200	9.859723411676407	0.021333333333333336
31300	9.859523933574676	0.021333333333333336
31400	9.859323878263474	0.021333333333333336
31500	9.85912382844162	0.021333333333333336
31600	9.858921581230163	0.021333333333333336
31700	9.85871911217308	0.021333333333333336
31800	9.858520150564194	0.021333333333333336
31900	9.858322161592483	0.021333333333333336
32000	9.858113406139374	0.021333333333333336
32100	9.857906713863374	0.021333333333333336
32200	9.857715791898727	0.021333333333333336
32300	9.857503892038345	0.021333333333333336
32400	9.857305364151001	0.021333333333333336
32500	9.857112317466736	0.021333333333333336
32600	9.856909802265168	0.021333333333333336
32700	9.856707494989395	0.021333333333333336
32800	9.856502347307206	0.021333333333333336
32900	9.856303069789886	0.021333333333333336
33000	9.85610137465477	0.021333333333333336
33100	9.855900434738158	0.021333333333333336
33200	9.855695970661163	0.021333333333333336
33300	9.855493910768509	0.021333333333333336
33400	9.85529256881714	0.021333333333333336
33500	9.855093394706726	0.021333333333333336
33600	9.85489091396904	0.021333333333333336
33700	9.854693148031235	0.021333333333333336
33800	9.854496376731873	0.021333333333333336
33900	9.854294170700074	0.021333333333333336
34000	9.854093636583329	0.021333333333333336
34100	9.853892908901214	0.021333333333333336
34200	9.85369358655739	0.021333333333333336
34300	9.853496062402725	0.021333333333333336
34400	9.853293729537963	0.021333333333333336
34500	9.853098822244645	0.021333333333333336
34600	9.85289939245224	0.021333333333333336
34700	9.852706275253295	0.021333333333333336
34800	9.852516338096619	0.021333333333333336
34900	9.85231726713562	0.021333333333333336
35000	9.852120681447984	0.021333333333333336
35100	9.85191421747589	0.021333333333333336
35200	9.851708167131424	0.021333333333333336
35300	9.85150875356865	0.021333333333333336
35400	9.851303388944626	0.021333333333333336
35500	9.851095752595901	0.021333333333333336
35600	9.8509016257267	0.021333333333333336
35700	9.850705436466217	0.021333333333333336
35800	9.850500890211105	0.021333333333333336
35900	9.850301192308425	0.021333333333333336
36000	9.850102961702348	0.021333333333333336
36100	9.849909333471299	0.021333333333333336
36200	9.84970972059059	0.021333333333333336
36300	9.84951616571045	0.021333333333333336
36400	9.849321463949204	0.021333333333333336
36500	9.849122924789429	0.021333333333333336
36600	9.848922229795456	0.021333333333333336
36700	9.84871394125557	0.021333333333333336
36800	9.848519592796325	0.021333333333333336
36900	9.848316243143081	0.021333333333333336
37000	9.848115206762314	0.021333333333333336
37100	9.847914327148438	0.021333333333333336
37200	9.847710506864548	0.021333333333333336
37300	9.847507498428344	0.021333333333333336
37400	9.84730028813362	0.021333333333333336
37500	9.847097134464263	0.021333333333333336
37600	9.846901127067566	0.021333333333333336
37700	9.846698950391769	0.021333333333333336
37800	9.846503790298462	0.021333333333333336
37900	9.846308327909469	0.021333333333333336
38000	9.846106965356826	0.021333333333333336
38100	9.845906944044113	0.021333333333333336
38200	9.845698988035203	0.021333333333333336
38300	9.84549402200508	0.021333333333333336
38400	9.845292190658569	0.021333333333333336
38500	9.845094417726516	0.021333333333333336
38600	9.844897233730316	0.021333333333333336
38700	9.844702280309678	0.021333333333333336
38800	9.844495450157165	0.021333333333333336
38900	9.844298419876099	0.021333333333333336
39000	9.844102630617142	0.021333333333333336
39100	9.843897463436127	0.021333333333333336
39200	9.843695941062927	0.021333333333333336
39300	9.843484402233123	0.021333333333333336
39400	9.84328362518692	0.021333333333333336
39500	9.843080824174882	0.021333333333333336
39600	9.842881091966628	0.021333333333333336
39700	9.842679956327439	0.021333333333333336
39800	9.842483862163544	0.021333333333333336
39900	9.84228819934845	0.021333333333333336
40000	9.842087605768203	0.021333333333333336
40100	9.841888103515625	0.021333333333333336
40200	9.841680460416795	0.021333333333333336
40300	9.841484259714127	0.021333333333333336
40400	9.841284266235352	0.021333333333333336
40500	9.84108634236908	0.021333333333333336
40600	9.840875493936538	0.021333333333333336
40700	9.84067099726677	0.021333333333333336
40800	9.840473998922349	0.021333333333333336
40900	9.840271359375	0.021333333333333336
41000	9.840077574857713	0.021333333333333336
41100	9.83988087408638	0.021333333333333336
41200	9.839680688684464	0.021333333333333336
41300	9.839479909492493	0.021333333333333336
41400	9.839278658592225	0.021333333333333336
41500	9.839069399295807	0.021333333333333336
41600	9.838873748296738	0.021333333333333336
41700	9.838674687854766	0.021333333333333336
41800	9.838478284202576	0.021333333333333336
41900	9.838274136724472	0.021333333333333336
42000	9.838079059185029	0.021333333333333336
42100	9.837879360715865	0.021333333333333336
42200	9.837679859872818	0.021333333333333336
42300	9.837485390146256	0.021333333333333336
42400	9.83727998931694	0.021333333333333336
42500	9.837076676250458	0.021333333333333336
42600	9.836874457221985	0.021333333333333336
42700	9.836674973987579	0.021333333333333336
42800	9.83647843609047	0.021333333333333336
42900	9.836279411775589	0.021333333333333336
43000	9.836079719181061	0.021333333333333336
43100	9.83588515820694	0.021333333333333336
43200	9.83568314177704	0.021333333333333336
43300	9.835488253343582	0.021333333333333336
43400	9.835293734977721	0.021333333333333336
43500	9.835101732973099	0.021333333333333336
43600	9.834891282173157	0.021875000000000006
43700	9.834690747566222	0.021875000000000006
43800	9.834479057989121	0.021875000000000006
43900	9.834274743530273	0.021875000000000006
44000	9.834076390708923	0.021875000000000006
44100	9.83386440914154	0.021875000000000006
44200	9.833658815198898	0.021875000000000006
44300	9.833455437623977	0.021875000000000006
44400	9.83324758849907	0.021875000000000006
44500	9.833035005987167	0.021875000000000006
44600	9.832820766536713	0.021875000000000006
44700	9.832617991977692	0.021875000000000006
44800	9.832401839021683	0.021875000000000006
44900	9.832194086866378	0.021875000000000006
45000	9.83198920844841	0.022352941176470596
45100	9.83177454524231	0.022352941176470596
45200	9.83157204166603	0.022352941176470596
45300	9.831365409927368	0.022352941176470596
45400	9.831141365497588	0.022352941176470596
45500	9.8309216322155	0.022352941176470596
45600	9.830707091182708	0.022352941176470596
45700	9.83048404202652	0.022352941176470596
45800	9.830265524366379	0.022352941176470596
45900	9.83003867359352	0.022352941176470596
46000	9.829807997110366	0.022352941176470596
46100	9.829576097135543	0.022352941176470596
46200	9.829344054983139	0.022352941176470596
46300	9.829129218334199	0.022352941176470596
46400	9.828903777196885	0.022352941176470596
46500	9.828681850236892	0.022352941176470596
46600	9.828452610391617	0.022352941176470596
46700	9.828227547166824	0.022352941176470596
46800	9.828005104661942	0.022352941176470596
46900	9.82777968631363	0.022352941176470596
47000	9.827543553886414	0.022352941176470596
47100	9.827319615980148	0.022352941176470596
47200	9.827097826120376	0.022352941176470596
47300	9.826875058876038	0.022352941176470596
47400	9.826650815999985	0.022352941176470596
47500	9.826417386650085	0.022352941176470596
47600	9.826184743909836	0.022352941176470596
47700	9.82595457585907	0.022352941176470596
47800	9.825723106046677	0.022352941176470596
47900	9.825486445423126	0.022352941176470596
48000	9.825256344064712	0.022352941176470596
48100	9.825025412908554	0.022352941176470596
48200	9.824799260786056	0.022352941176470596
48300	9.82456828603363	0.022352941176470596
48400	9.824341938215255	0.022352941176470596
48500	9.82411375304985	0.022352941176470596
48600	9.82388863719368	0.022352941176470596
48700	9.823657432224273	0.022352941176470596
48800	9.823421837947846	0.022352941176470596
48900	9.823201511390685	0.022352941176470596
49000	9.822965896577836	0.022352941176470596
49100	9.822727799240113	0.022352941176470596
49200	9.822507230264664	0.022352941176470596
49300	9.82228026627922	0.022352941176470596
49400	9.822048124448775	0.022352941176470596
49500	9.82182249476242	0.022352941176470596
49600	9.821591291215897	0.022352941176470596
49700	9.821357558656693	0.022352941176470596
49800	9.82111931609726	0.022352941176470596
49900	9.820890695058823	0.022352941176470596
50000	9.820662776540756	0.022352941176470596
50100	9.820436613967896	0.022352941176470596
50200	9.820201917640686	0.022352941176470596
50300	9.819974027580262	0.022352941176470596
50400	9.81973998984909	0.022352941176470596
50500	9.819520825525284	0.022352941176470596
50600	9.819290947143555	0.022352941176470596
50700	9.819071450529098	0.022352941176470596
50800	9.818851275650024	0.022352941176470596
50900	9.818630934455872	0.022352941176470596
51000	9.818408728355408	0.022352941176470596
51100	9.818174315984725	0.022352941176470596
51200	9.817945097206115	0.022352941176470596
51300	9.817718052352905	0.022352941176470596
51400	9.817488484472275	0.022352941176470596
51500	9.817258314254762	0.022352941176470596
51600	9.817024660022735	0.022352941176470596
51700	9.816795290569305	0.022352941176470596
51800	9.816569482395172	0.022352941176470596
51900	9.816343099351883	0.022352941176470596
52000	9.816113026622773	0.022352941176470596
52100	9.815880891002655	0.022352941176470596
52200	9.815653572849273	0.022352941176470596
52300	9.815423817508698	0.022352941176470596
52400	9.815193312696456	0.022352941176470596
52500	9.814969227182388	0.022352941176470596
52600	9.814743201774597	0.022352941176470596
52700	9.814508133655549	0.022352941176470596
52800	9.814274030687333	0.022352941176470596
52900	9.814042520063401	0.022352941176470596
53000	9.81381342816353	0.022352941176470596
53100	9.813581980710984	0.022352941176470596
53200	9.81335520251274	0.022352941176470596
53300	9.8131358435421	0.022352941176470596
53400	9.812908656251908	0.022352941176470596
53500	9.812678622312546	0.022352941176470596
53600	9.812441836551667	0.022352941176470596
53700	9.81221660526657	0.022352941176470596
53800	9.811993266071319	0.022352941176470596
53900	9.811760647031784	0.022352941176470596
54000	9.81153348207283	0.022352941176470596
54100	9.811297678440093	0.022352941176470596
54200	9.81107049115181	0.022352941176470596
54300	9.810830139698028	0.022352941176470596
54400	9.810591665706635	0.022352941176470596
54500	9.810362105480195	0.022352941176470596
54600	9.81013372708702	0.022352941176470596
54700	9.809907901922227	0.022352941176470596
54800	9.80967084139061	0.022352941176470596
54900	9.809441924354553	0.022352941176470596
55000	9.809211093479156	0.022352941176470596
55100	9.808979535276412	0.022352941176470596
55200	9.808747543560028	0.022352941176470596
55300	9.808525841007233	0.022352941176470596
55400	9.808293527696609	0.022352941176470596
55500	9.808057194665908	0.022352941176470596
55600	9.80782986432457	0.022352941176470596
55700	9.807608318105698	0.022352941176470596
55800	9.807382357156753	0.022352941176470596
55900	9.807162740032195	0.022352941176470596
56000	9.806934608884811	0.022352941176470596
56100	9.806697982797623	0.022352941176470596
56200	9.80646524135208	0.022352941176470596
56300	9.806236944864272	0.022352941176470596
56400	9.805998043733597	0.022352941176470596
56500	9.805770310443878	0.022352941176470596
56600	9.805540392824174	0.022352941176470596
56700	9.805316250223159	0.022352941176470596
56800	9.805087516223907	0.022352941176470596
56900	9.804847186515808	0.022352941176470596
57000	9.804621733024597	0.022352941176470596
57100	9.804395728816987	0.022352941176470596
57200	9.804165147598267	0.022352941176470596
57300	9.803935854049683	0.022352941176470596
57400	9.803708305208206	0.022352941176470596
57500	9.803481521263123	0.022352941176470596
57600	9.803245971982957	0.022352941176470596
57700	9.803019136997223	0.022352941176470596
57800	9.802789853841782	0.022352941176470596
57900	9.802561842626572	0.022352941176470596
58000	9.802340959251405	0.022352941176470596
58100	9.802112842193603	0.022352941176470596
58200	9.801877733484268	0.022352941176470596
58300	9.80165097289276	0.022352941176470596
58400	9.801423540878297	0.022352941176470596
58500	9.801190187488556	0.022352941176470596
58600	9.80095557582283	0.022352941176470596
58700	9.800727363330841	0.022352941176470596
58800	9.800493143373489	0.022352941176470596
58900	9.800266606796265	0.022352941176470596
59000	9.80003541444397	0.022352941176470596
59100	9.799802998434068	0.022352941176470596
59200	9.799576537305832	0.022352941176470596
59300	9.79934712727356	0.022352941176470596
59400	9.799116879207611	0.022352941176470596
59500	9.798882875808715	0.022352941176470596
59600	9.798655095867156	0.022352941176470596
59700	9.79842922780037	0.022352941176470596
59800	9.798194256818771	0.022352941176470596
59900	9.797959090068817	0.022352941176470596
60000	9.797737358667373	0.022352941176470596
60100	9.797504008953094	0.022352941176470596
60200	9.797277742063523	0.022352941176470596
60300	9.797052679838181	0.022352941176470596
60400	9.796830431718826	0.022352941176470596
60500	9.796603782808305	0.022352941176470596
60600	9.79637038939476	0.022352941176470596
60700	9.796137457304	0.022352941176470596
60800	9.79590369099617	0.022352941176470596
60900	9.795676178409577	0.022352941176470596
61000	9.795458658725739	0.022352941176470596
61100	9.795224049873353	0.022352941176470596
61200	9.794993354848861	0.022352941176470596
61300	9.794763860607148	0.022352941176470596
61400	9.794538372400284	0.022352941176470596
61500	9.794307807847977	0.022352941176470596
61600	9.794079842906951	0.022352941176470596
61700	9.793853593875886	0.022352941176470596
61800	9.793623725849152	0.022352941176470596
61900	9.79340053150177	0.022352941176470596
62000	9.793180038219452	0.022352941176470596
62100	9.792950651182174	0.022352941176470596
62200	9.792725186491012	0.022352941176470596
62300	9.792495193107605	0.022352941176470596
62400	9.792268240158082	0.022352941176470596
62500	9.79203637635231	0.022352941176470596
62600	9.791807597709656	0.022352941176470596
62700	9.791582922821044	0.022352941176470596
62800	9.791356885269165	0.022352941176470596
62900	9.791128661718368	0.022352941176470596
63000	9.790891717603683	0.022352941176470596
63100	9.790663168561936	0.022352941176470596
63200	9.790429598905563	0.022352941176470596
63300	9.790196980138779	0.022352941176470596
63400	9.789969821283341	0.022352941176470596
63500	9.789743837715148	0.022352941176470596
63600	9.789514819683076	0.022352941176470596
63700	9.789286771751403	0.022352941176470596
63800	9.789054748392106	0.022352941176470596
63900	9.788819834121703	0.022352941176470596
64000	9.788585517522812	0.022352941176470596
64100	9.788351329040527	0.022352941176470596
64200	9.788127977998734	0.022352941176470596
64300	9.787905612339019	0.022352941176470596
64400	9.78767621547699	0.022352941176470596
64500	9.787444471172332	0.022352941176470596
64600	9.787214499109268	0.022352941176470596
64700	9.786985822975158	0.022352941176470596
64800	9.786755879583358	0.022352941176470596
64900	9.786529469820023	0.022352941176470596
65000	9.78630126874733	0.022352941176470596
65100	9.786067023958207	0.022352941176470596
65200	9.785837061641693	0.022352941176470596
65300	9.785617024469376	0.022352941176470596
65400	9.78539360149765	0.022352941176470596
65500	9.785164559303285	0.022352941176470596
65600	9.784933708843232	0.022352941176470596
65700	9.784704153989791	0.022352941176470596
65800	9.784466731111527	0.022352941176470596
65900	9.784240596372605	0.022352941176470596
66000	9.78400768406868	0.022352941176470596
66100	9.783774765123367	0.022352941176470596
66200	9.783548711545944	0.022352941176470596
66300	9.783318305107116	0.022352941176470596
66400	9.78308081089592	0.022352941176470596
66500	9.78285701119423	0.022352941176470596
66600	9.782632505887985	0.022352941176470596
66700	9.7824028291111	0.022352941176470596
66800	9.782182468246459	0.022352941176470596
66900	9.781944939104081	0.022352941176470596
67000	9.781715347059249	0.022352941176470596
67100	9.781491276132584	0.022352941176470596
67200	9.781265413572312	0.022352941176470596
67300	9.781036699876786	0.022352941176470596
67400	9.780801961280822	0.022352941176470596
67500	9.780567244859695	0.022352941176470596
67600	9.780331435228348	0.022352941176470596
67700	9.78010364046669	0.022352941176470596
67800	9.779874762594224	0.022352941176470596
67900	9.77964073499298	0.022352941176470596
68000	9.779412928949355	0.022352941176470596
68100	9.779177066884994	0.022352941176470596
68200	9.778945588157654	0.022352941176470596
68300	9.778710344713211	0.022352941176470596
68400	9.778478626743317	0.022352941176470596
68500	9.778250546009064	0.022352941176470596
68600	9.778013987079621	0.022352941176470596
68700	9.777791766544341	0.022352941176470596
68800	9.7775579413414	0.022352941176470596
68900	9.777326008901596	0.022352941176470596
69000	9.7770948366127	0.022352941176470596
69100	9.776866754814147	0.022352941176470596
69200	9.776638425210953	0.022352941176470596
69300	9.776403142478943	0.022352941176470596
69400	9.77617424741745	0.022352941176470596
69500	9.775947975427627	0.022352941176470596
69600	9.775716203720092	0.022352941176470596
69700	9.775488409872056	0.022352941176470596
69800	9.7752550526371	0.022352941176470596
69900	9.775016388875962	0.022352941176470596
70000	9.77479240245247	0.022352941176470596
70100	9.774563033082963	0.022352941176470596
70200	9.774335887699127	0.022352941176470596
70300	9.774112136751175	0.022352941176470596
70400	9.773884109199525	0.022352941176470596
70500	9.773656830522537	0.022352941176470596
70600	9.773433240467071	0.022352941176470596
70700	9.773198294651031	0.022352941176470596
70800	9.772971702329636	0.022352941176470596
70900	9.772741667482377	0.022352941176470596
71000	9.77250584683609	0.022352941176470596
71100	9.77226678518486	0.022352941176470596
71200	9.772040077360153	0.022352941176470596
71300	9.771814128217697	0.022352941176470596
71400	9.77158619562912	0.022352941176470596
71500	9.771354639116288	0.022352941176470596
71600	9.771133178054809	0.022352941176470596
71700	9.770905691070556	0.022352941176470596
71800	9.77067617622757	0.022352941176470596
71900	9.77044594134903	0.022352941176470596
72000	9.770211798095703	0.022352941176470596
72100	9.769980926166534	0.022352941176470596
72200	9.769750531930923	0.022352941176470596
72300	9.76951873183632	0.022352941176470596
72400	9.769296594810486	0.022352941176470596
72500	9.769062737539292	0.022352941176470596
72600	9.768829990184784	0.022352941176470596
72700	9.768590498250962	0.022352941176470596
72800	9.768360069368363	0.022352941176470596
72900	9.768134188753129	0.022352941176470596
73000	9.767898557657242	0.022352941176470596
73100	9.76766704903984	0.022352941176470596
73200	9.767441780946731	0.022352941176470596
73300	9.767210224018097	0.022352941176470596
73400	9.76698315833664	0.022352941176470596
73500	9.766760036676407	0.022352941176470596
73600	9.766524194122315	0.022352941176470596
73700	9.766295565998078	0.022352941176470596
73800	9.766067983882904	0.022352941176470596
73900	9.765839430553436	0.022352941176470596
74000	9.765617543273926	0.022352941176470596
74100	9.76538972790718	0.022352941176470596
74200	9.765155472991943	0.022352941176470596
74300	9.764926265626908	0.022352941176470596
74400	9.76469992172432	0.022352941176470596
74500	9.76447888699913	0.022352941176470596
74600	9.764249936206818	0.022352941176470596
74700	9.764023260068894	0.022352941176470596
74800	9.763798084880829	0.022352941176470596
74900	9.763570132545471	0.022352941176470596
75000	9.76334656982231	0.022352941176470596
75100	9.763115839370727	0.022352941176470596
75200	9.762885154899598	0.022352941176470596
75300	9.76265327684784	0.022352941176470596
75400	9.762421012418747	0.022352941176470596
75500	9.76218624693489	0.022352941176470596
75600	9.761957786521911	0.022352941176470596
75700	9.761727650220871	0.022352941176470596
75800	9.761496307252884	0.022352941176470596
75900	9.761272844530106	0.022352941176470596
76000	9.761038637983322	0.022352941176470596
76100	9.760810988237381	0.022352941176470596
76200	9.76058352425003	0.022352941176470596
76300	9.760356442899704	0.022352941176470596
76400	9.760129860927583	0.022352941176470596
76500	9.759901907360076	0.022352941176470596
76600	9.759685671747208	0.022352941176470596
76700	9.759450523927688	0.022352941176470596
76800	9.759225898069381	0.022352941176470596
76900	9.758989488037109	0.022352941176470596
77000	9.75876164153862	0.022352941176470596
77100	9.75852953810501	0.022352941176470596
77200	9.758286849859237	0.022352941176470596
77300	9.758055139373779	0.022352941176470596
77400	9.757832082653046	0.022352941176470596
77500	9.757607195936203	0.022777777777777786
77600	9.757366118679046	0.023157894736842113
77700	9.75713046672058	0.023157894736842113
77800	9.75689179836464	0.023157894736842113
77900	9.756654535024643	0.023157894736842113
78000	9.756414898115159	0.023157894736842113
78100	9.756173036348343	0.023157894736842113
78200	9.755927284881592	0.023157894736842113
78300	9.755688299125671	0.023157894736842113
78400	9.755439800619126	0.023157894736842113
78500	9.75519871513939	0.023157894736842113
78600	9.754954384685517	0.023157894736842113
78700	9.754702965501785	0.023157894736842113
78800	9.754440861879349	0.02350000000000001
78900	9.75418822719574	0.02350000000000001
79000	9.753938059000015	0.02380952380952382
79100	9.753689511514663	0.02380952380952382
79200	9.753426950489045	0.02380952380952382
79300	9.753156820173263	0.02380952380952382
79400	9.752888643993378	0.02380952380952382
79500	9.752616174644471	0.02380952380952382
79600	9.752336292274475	0.02380952380952382
79700	9.752059821781158	0.02380952380952382
79800	9.751787534633637	0.02380952380952382
79900	9.751513981235505	0.02380952380952382
80000	9.751239289485932	0.02380952380952382
80100	9.750956843904495	0.02380952380952382
80200	9.750671027076722	0.02380952380952382
80300	9.750394727123261	0.02380952380952382
80400	9.750117350074769	0.02380952380952382
80500	9.74983856780243	0.02380952380952382
80600	9.749562755033493	0.02380952380952382
80700	9.749283890535354	0.02380952380952382
80800	9.749002236145019	0.02380952380952382
80900	9.748720335968018	0.02380952380952382
81000	9.748437239543915	0.02380952380952382
81100	9.748155478500367	0.02380952380952382
81200	9.747883657369613	0.02380952380952382
81300	9.747598908813476	0.02380952380952382
81400	9.747316325223922	0.02380952380952382
81500	9.74704032938385	0.02380952380952382
81600	9.7467549143219	0.02380952380952382
81700	9.746466745576859	0.02380952380952382
81800	9.746179872831345	0.02380952380952382
81900	9.745891042778014	0.02380952380952382
82000	9.745613609901428	0.02380952380952382
82100	9.745330642637253	0.02380952380952382
82200	9.745062968690872	0.02380952380952382
82300	9.744788642490388	0.02380952380952382
82400	9.744523232360839	0.02380952380952382
82500	9.74426825580597	0.02380952380952382
82600	9.744014738035203	0.02380952380952382
82700	9.743765218725205	0.02380952380952382
82800	9.743518952121734	0.02380952380952382
82900	9.743278417036057	0.02380952380952382
83000	9.74305988246727	0.02380952380952382
83100	9.742835037952423	0.02380952380952382
83200	9.742625355463028	0.02380952380952382
83300	9.742415230865479	0.02380952380952382
83400	9.74221978764534	0.02380952380952382
83500	9.742025315225602	0.02380952380952382
83600	9.741835166036607	0.02380952380952382
83700	9.741642300302505	0.02380952380952382
83800	9.741463109933854	0.02380952380952382
83900	9.741286419294358	0.02380952380952382
84000	9.741104238847733	0.02380952380952382
84100	9.740938783136368	0.02380952380952382
84200	9.740779562288285	0.02380952380952382
84300	9.74061696533203	0.02380952380952382
84400	9.740454950698853	0.02380952380952382
84500	9.740298260019303	0.02380952380952382
84600	9.740141467748641	0.02380952380952382
84700	9.740003160369874	0.02380952380952382
84800	9.73985456381607	0.02380952380952382
84900	9.739709158752442	0.02380952380952382
85000	9.739553288724899	0.02380952380952382
85100	9.739407025230408	0.02380952380952382
85200	9.739258397750854	0.02380952380952382
85300	9.73910871575737	0.02380952380952382
85400	9.738973944301605	0.02380952380952382
85500	9.73883936691475	0.02380952380952382
85600	9.738710303060532	0.02380952380952382
85700	9.73856948587799	0.02380952380952382
85800	9.738432832504273	0.02380952380952382
85900	9.738301169193267	0.02380952380952382
86000	9.738171170743943	0.02380952380952382
86100	9.73804050736046	0.02380952380952382
86200	9.737905690820694	0.02380952380952382
86300	9.737770110233306	0.02380952380952382
86400	9.737630055196762	0.02380952380952382
86500	9.737495909067153	0.02380952380952382
86600	9.737366956726074	0.02380952380952382
86700	9.737239861820221	0.02380952380952382
86800	9.737104707925797	0.02380952380952382
86900	9.736977698934554	0.02380952380952382
87000	9.7368581142807	0.02380952380952382
87100	9.736735646129608	0.02380952380952382
87200	9.736603252220155	0.02380952380952382
87300	9.736487377389908	0.02380952380952382
87400	9.736367273054123	0.02380952380952382
87500	9.7362402788105	0.02380952380952382
87600	9.736115882520675	0.02380952380952382
87700	9.735984448184967	0.02380952380952382
87800	9.735857955062865	0.02380952380952382
87900	9.735732405548095	0.02380952380952382
88000	9.735603491399765	0.02380952380952382
88100	9.735470692485809	0.02380952380952382
88200	9.735347001079559	0.02380952380952382
88300	9.735227767183304	0.02380952380952382
88400	9.735103032003403	0.02380952380952382
88500	9.734982429393769	0.02380952380952382
88600	9.734863723087312	0.02380952380952382
88700	9.734738116212846	0.02380952380952382
88800	9.734621892780304	0.02380952380952382
88900	9.734494917684556	0.02380952380952382
89000	9.734376429487229	0.02380952380952382
89100	9.734249739032744	0.02380952380952382
89200	9.734128232927322	0.02380952380952382
89300	9.73400653527832	0.02380952380952382
89400	9.733889319131851	0.02380952380952382
89500	9.733756450553894	0.02380952380952382
89600	9.733627502817153	0.02380952380952382
89700	9.733507893943786	0.02380952380952382
89800	9.733382037412644	0.02380952380952382
89900	9.73326390078354	0.02380952380952382
90000	9.733153245615005	0.02380952380952382
90100	9.7330231892128	0.02380952380952382
90200	9.732900695968628	0.02380952380952382
90300	9.732780957115173	0.02380952380952382
90400	9.732662616506577	0.02380952380952382
90500	9.73253850227356	0.02380952380952382
90600	9.732408280990601	0.02380952380952382
90700	9.73227907387352	0.02380952380952382
90800	9.732152407823563	0.02380952380952382
90900	9.732039855928422	0.02380952380952382
91000	9.731912706216812	0.02380952380952382
91100	9.731781741928101	0.02380952380952382
91200	9.731665600482941	0.02380952380952382
91300	9.731543458471299	0.02380952380952382
91400	9.731423636201859	0.02380952380952382
91500	9.73131205078888	0.02380952380952382
91600	9.731196216953277	0.02380952380952382
91700	9.731082681314469	0.02380952380952382
91800	9.730964398778916	0.02380952380952382
91900	9.730851673685073	0.02380952380952382
92000	9.730734240432739	0.02380952380952382
92100	9.73061232131958	0.02380952380952382
92200	9.73049303819275	0.02380952380952382
92300	9.730381352205276	0.02380952380952382
92400	9.730258448806763	0.02380952380952382
92500	9.730139191083907	0.02380952380952382
92600	9.730021992938996	0.02380952380952382
92700	9.72989954175949	0.02380952380952382
92800	9.72977474599266	0.02380952380952382
92900	9.729663523788453	0.02380952380952382
93000	9.72954960077572	0.02380952380952382
93100	9.729425602526664	0.02380952380952382
93200	9.729302000027657	0.02380952380952382
93300	9.729180174592019	0.02380952380952382
93400	9.729067290607452	0.02380952380952382
93500	9.728945581080437	0.02380952380952382
93600	9.728828568311691	0.02380952380952382
93700	9.728706270688058	0.02380952380952382
93800	9.728587110583305	0.02380952380952382
93900	9.728467133056641	0.02380952380952382
94000	9.72835182748127	0.02380952380952382
94100	9.728224499855996	0.02380952380952382
94200	9.72810441199398	0.02380952380952382
94300	9.727972568303109	0.02380952380952382
94400	9.727847766838075	0.02380952380952382
94500	9.727722553038596	0.02380952380952382
94600	9.727605895668983	0.02380952380952382
94700	9.72748626051426	0.02380952380952382
94800	9.727362471703529	0.02380952380952382
94900	9.727241506865502	0.02380952380952382
95000	9.727120611351967	0.02380952380952382
95100	9.726997369319916	0.02380952380952382
95200	9.726879083662986	0.02380952380952382
95300	9.726761792372704	0.02380952380952382
95400	9.726646311239243	0.02380952380952382
95500	9.72652510958004	0.02380952380952382
95600	9.726404041648864	0.02380952380952382
95700	9.726277750502586	0.02380952380952382
95800	9.72615094827366	0.02380952380952382
95900	9.726033201974868	0.02380952380952382
96000	9.725913408657075	0.02380952380952382
96100	9.725808253448486	0.02380952380952382
96200	9.72569006572628	0.02380952380952382
96300	9.725567815855026	0.02380952380952382
96400	9.72544908612442	0.02380952380952382
96500	9.725327347455979	0.02380952380952382
96600	9.725213574899673	0.02380952380952382
96700	9.725091640365601	0.02380952380952382
96800	9.724968903234481	0.02380952380952382
96900	9.72485457641983	0.02380952380952382
97000	9.724740735225678	0.02380952380952382
97100	9.724618512537003	0.02380952380952382
97200	9.724496517642974	0.02380952380952382
97300	9.724369580498696	0.02380952380952382
97400	9.72425061186886	0.02380952380952382
97500	9.724124510661126	0.02380952380952382
97600	9.724001472856521	0.02380952380952382
97700	9.723881884849549	0.02380952380952382
97800	9.72376994690132	0.02380952380952382
97900	9.723649812117577	0.02380952380952382
98000	9.723531226334572	0.02380952380952382
98100	9.72341190498352	0.02380952380952382
98200	9.723289835079193	0.02380952380952382
98300	9.723179269488334	0.02380952380952382
98400	9.72305834036827	0.02380952380952382
98500	9.72294161063385	0.02380952380952382
98600	9.722822061357498	0.02380952380952382
98700	9.722712499699593	0.02380952380952382
98800	9.722591013856889	0.02380952380952382
98900	9.722460229476928	0.02380952380952382
99000	9.722348314344407	0.02380952380952382
99100	9.722226140582084	0.02380952380952382
99200	9.722111699774743	0.02380952380952382
99300	9.72198842885971	0.02380952380952382
99400	9.721865017650604	0.02380952380952382
99500	9.721737932549477	0.02380952380952382
99600	9.721615049172401	0.02380952380952382
99700	9.721495205504418	0.02380952380952382
99800	9.721378800057412	0.02380952380952382
99900	9.72125818993187	0.02380952380952382
100000	9.721140598190308	0.02380952380952382
100100	9.72102061733055	0.02380952380952382
100200	9.720904245400428	0.02380952380952382
100300	9.720776998729706	0.02380952380952382
100400	9.72066667602539	0.02380952380952382
100500	9.720547753936767	0.02380952380952382
100600	9.720425985600471	0.02380952380952382
100700	9.720306869693756	0.02380952380952382
100800	9.720196465789796	0.02380952380952382
100900	9.720079379983902	0.02380952380952382
101000	9.719970671183587	0.02380952380952382
101100	9.719859636778832	0.02380952380952382
101200	9.719745086719513	0.02380952380952382
101300	9.71962745366478	0.02380952380952382
101400	9.719518679341316	0.02380952380952382
101500	9.719396129920959	0.02380952380952382
101600	9.71928142638111	0.02380952380952382
101700	9.719153062340736	0.02380952380952382
101800	9.719029017673492	0.02380952380952382
101900	9.71890364152527	0.02380952380952382
102000	9.718780648777962	0.02380952380952382
102100	9.71865959371853	0.02380952380952382
102200	9.718541128386498	0.02380952380952382
102300	9.718427989943505	0.02380952380952382
102400	9.718305925398827	0.02380952380952382
102500	9.718189906515121	0.02380952380952382
102600	9.718064692203521	0.02380952380952382
102700	9.717946313929557	0.02380952380952382
102800	9.717832106307984	0.02380952380952382
102900	9.71771815084362	0.02380952380952382
103000	9.717612938751222	0.02380952380952382
103100	9.717496853469848	0.02380952380952382
103200	9.717385220035553	0.02380952380952382
103300	9.71727280590248	0.02380952380952382
103400	9.717152818414688	0.02380952380952382
103500	9.717027152416229	0.02380952380952382
103600	9.716919519556999	0.02380952380952382
103700	9.71679855113697	0.02380952380952382
103800	9.716677928552627	0.02380952380952382
103900	9.716555544219018	0.02380952380952382
104000	9.716432532895087	0.02380952380952382
104100	9.716320822750092	0.02380952380952382
104200	9.716196300967216	0.02380952380952382
104300	9.716079983828545	0.02380952380952382
104400	9.715951804074287	0.02380952380952382
104500	9.715826192632676	0.02380952380952382
104600	9.715707504473686	0.02380952380952382
104700	9.7155955617733	0.02380952380952382
104800	9.715488244547844	0.02380952380952382
104900	9.715370089364052	0.02380952380952382
105000	9.715253558555602	0.02380952380952382
105100	9.715129372053147	0.02380952380952382
105200	9.715007297945975	0.02380952380952382
105300	9.714892703474998	0.02380952380952382
105400	9.71477571476555	0.02380952380952382
105500	9.714661598656654	0.02380952380952382
105600	9.714550246922492	0.02380952380952382
105700	9.71442835190487	0.02380952380952382
105800	9.71430404336071	0.02380952380952382
105900	9.714177961174011	0.02380952380952382
106000	9.714050338777541	0.02380952380952382
106100	9.713925548666953	0.02380952380952382
106200	9.713808844545364	0.02380952380952382
106300	9.713689263091087	0.02380952380952382
106400	9.713574222061157	0.02380952380952382
106500	9.713463752637864	0.02380952380952382
106600	9.713347585535049	0.02380952380952382
106700	9.713225924871445	0.02380952380952382
106800	9.713115636430741	0.02380952380952382
106900	9.712997391652108	0.02380952380952382
107000	9.712892369633675	0.02380952380952382
107100	9.712773647827149	0.02380952380952382
107200	9.712655731092452	0.02380952380952382
107300	9.712527840044022	0.02380952380952382
107400	9.712415773717881	0.02380952380952382
107500	9.712301730218888	0.02380952380952382
107600	9.712183159467697	0.02380952380952382
107700	9.712054899308205	0.02380952380952382
107800	9.711932871451378	0.02380952380952382
107900	9.711816614949226	0.02380952380952382
108000	9.71169444954586	0.02380952380952382
108100	9.711581298586845	0.02380952380952382
108200	9.711466991703988	0.02380952380952382
108300	9.71134509338379	0.02380952380952382
108400	9.7112255906353	0.02380952380952382
108500	9.711115656029701	0.02380952380952382
108600	9.710999981619835	0.02380952380952382
108700	9.710878600239754	0.02380952380952382
108800	9.7107550692091	0.02380952380952382
108900	9.710637773556709	0.02380952380952382
109000	9.710525487222672	0.02380952380952382
109100	9.710399717028618	0.02380952380952382
109200	9.710278300727845	0.02380952380952382
109300	9.710164744726182	0.02380952380952382
109400	9.710046036963464	0.02380952380952382
109500	9.709933739559174	0.02380952380952382
109600	9.709812968123437	0.02380952380952382
109700	9.709703656394959	0.02380952380952382
109800	9.70957618013382	0.02380952380952382
109900	9.709452819366454	0.02380952380952382
110000	9.709331698806762	0.02380952380952382
110100	9.709209864751816	0.02380952380952382
110200	9.709099969761848	0.02380952380952382
110300	9.708984441601753	0.02380952380952382
110400	9.708865248230934	0.02380952380952382
110500	9.708749936498641	0.02380952380952382
110600	9.708634161992073	0.02380952380952382
110700	9.708516227415085	0.02380952380952382
110800	9.708398410292626	0.02380952380952382
110900	9.708280500658036	0.02380952380952382
111000	9.70816266885376	0.02380952380952382
111100	9.708041931547164	0.02380952380952382
111200	9.707922345570564	0.02380952380952382
111300	9.707804006882668	0.02380952380952382
111400	9.70769356050396	0.024090909090909104
111500	9.707565361049651	0.024090909090909104
111600	9.707450277513503	0.024347826086956535
111700	9.707326007196427	0.024800000000000013
111800	9.707202418255806	0.024800000000000013
111900	9.707079013885497	0.024800000000000013
112000	9.706950351305007	0.024800000000000013
112100	9.706808888989448	0.024800000000000013
112200	9.706666865049362	0.024800000000000013
112300	9.706528614452361	0.024800000000000013
112400	9.706380351376534	0.024800000000000013
112500	9.70622554403019	0.024800000000000013
112600	9.706071852788925	0.024800000000000013
112700	9.705925926696777	0.024800000000000013
112800	9.705777286782265	0.024800000000000013
112900	9.705619015745164	0.025000000000000015
113000	9.70547397278309	0.02551724137931036
113100	9.705306337340355	0.02551724137931036
113200	9.705141192223548	0.02551724137931036
113300	9.704966354328155	0.02551724137931036
113400	9.704778347539902	0.02551724137931036
113500	9.704593725133895	0.02551724137931036
113600	9.70439888287449	0.02551724137931036
113700	9.704195084971428	0.02551724137931036
113800	9.703986886414528	0.02551724137931036
113900	9.703787023447036	0.02551724137931036
114000	9.70357110547638	0.02551724137931036
114100	9.703362625104905	0.02551724137931036
114200	9.703160956344604	0.02551724137931036
114300	9.702948971013068	0.02551724137931036
114400	9.702725173641205	0.02551724137931036
114500	9.702503543477059	0.02551724137931036
114600	9.702277910568238	0.02551724137931036
114700	9.702040165732384	0.02551724137931036
114800	9.70182564556694	0.02551724137931036
114900	9.701592265267372	0.02551724137931036
115000	9.701354492412568	0.02551724137931036
115100	9.701138573197365	0.02551724137931036
115200	9.700904930994987	0.02551724137931036
115300	9.700662558885574	0.02551724137931036
115400	9.700432561372757	0.02551724137931036
115500	9.700219798213006	0.02551724137931036
115600	9.699997202627182	0.02551724137931036
115700	9.699769319256783	0.02551724137931036
115800	9.699544013569831	0.02551724137931036
115900	9.699303361294746	0.02551724137931036
116000	9.699070960472106	0.02551724137931036
116100	9.698841802105903	0.02551724137931036
116200	9.698610995821953	0.02551724137931036
116300	9.698381853571892	0.02551724137931036
116400	9.698146964104652	0.02551724137931036
116500	9.697914254327774	0.02551724137931036
116600	9.697679941794396	0.02551724137931036
116700	9.697437983956338	0.02551724137931036
116800	9.697192589518547	0.02551724137931036
116900	9.696956650315284	0.02551724137931036
117000	9.696717410614013	0.02551724137931036
117100	9.696494273867607	0.02551724137931036
117200	9.696255520391464	0.02551724137931036
117300	9.696015093967437	0.02551724137931036
117400	9.69577161008644	0.02551724137931036
117500	9.69551770082283	0.02551724137931036
117600	9.695278099186897	0.02551724137931036
117700	9.695049831214904	0.02551724137931036
117800	9.694809774435997	0.02551724137931036
117900	9.694573317820549	0.02551724137931036
118000	9.694343437864303	0.02551724137931036
118100	9.694108703270912	0.02551724137931036
118200	9.693881012893677	0.02551724137931036
118300	9.693652383728981	0.02551724137931036
118400	9.693421865178108	0.02551724137931036
118500	9.693189390299796	0.02551724137931036
118600	9.692965575098992	0.02551724137931036
118700	9.692720417354584	0.02551724137931036
118800	9.692486444238662	0.02551724137931036
118900	9.69224662753296	0.02551724137931036
119000	9.69199735686493	0.02551724137931036
119100	9.691760553153038	0.02551724137931036
119200	9.691526298894882	0.02551724137931036
119300	9.691284575445176	0.02551724137931036
119400	9.691053578873634	0.02551724137931036
119500	9.690809638871192	0.02551724137931036
119600	9.690585754190446	0.02551724137931036
119700	9.690357317463874	0.02551724137931036
119800	9.69011013576603	0.02551724137931036
119900	9.689873397533416	0.02551724137931036
120000	9.689634823388099	0.02551724137931036
120100	9.689412137732505	0.02551724137931036
120200	9.689179976193428	0.02551724137931036
120300	9.688953330302239	0.02551724137931036
120400	9.688709926837921	0.02551724137931036
120500	9.688467764618874	0.02551724137931036
120600	9.688226235786438	0.02551724137931036
120700	9.687994130521774	0.02551724137931036
120800	9.687749191358566	0.02551724137931036
120900	9.68751179562664	0.02551724137931036
121000	9.687277952628136	0.02551724137931036
121100	9.687035713885308	0.02551724137931036
121200	9.686809082736016	0.02551724137931036
121300	9.686578160859108	0.02551724137931036
121400	9.686349133849143	0.02551724137931036
121500	9.686113343439102	0.02551724137931036
121600	9.685886570231437	0.02551724137931036
121700	9.68564893707943	0.02551724137931036
121800	9.685406360204697	0.02551724137931036
121900	9.685171879917144	0.02551724137931036
122000	9.68493764156437	0.02551724137931036
122100	9.684698273428918	0.02551724137931036
122200	9.684455084870338	0.02551724137931036
122300	9.68422106544113	0.02551724137931036
122400	9.683985290958404	0.02551724137931036
122500	9.683755718440056	0.02551724137931036
122600	9.683531459867478	0.02551724137931036
122700	9.68329056390667	0.02551724137931036
122800	9.683045221318245	0.02551724137931036
122900	9.682811788032533	0.02551724137931036
123000	9.68258410571003	0.02551724137931036
123100	9.682345783761024	0.02551724137931036
123200	9.682121174136162	0.02551724137931036
123300	9.681883021694183	0.02551724137931036
123400	9.681641717058183	0.02551724137931036
123500	9.681409764080048	0.02551724137931036
123600	9.681172503950119	0.02551724137931036
123700	9.680931636515618	0.02551724137931036
123800	9.68068374348259	0.02551724137931036
123900	9.680444654724122	0.02551724137931036
124000	9.680212771547318	0.02551724137931036
124100	9.679982749471664	0.02551724137931036
124200	9.679739686739921	0.02551724137931036
124300	9.679507351844787	0.02551724137931036
124400	9.679283409740448	0.02551724137931036
124500	9.679055692312241	0.02551724137931036
124600	9.678814704928397	0.02551724137931036
124700	9.678586547574044	0.02551724137931036
124800	9.678351304778099	0.02551724137931036
124900	9.678113623180389	0.02551724137931036
125000	9.677875315921783	0.02551724137931036
125100	9.677645888422965	0.02551724137931036
125200	9.677419228902817	0.02551724137931036
125300	9.677195268293382	0.02551724137931036
125400	9.676955782155991	0.02551724137931036
125500	9.676719182943344	0.02551724137931036
125600	9.6764910296278	0.02551724137931036
125700	9.676248041259766	0.02551724137931036
125800	9.67601286245823	0.02551724137931036
125900	9.675787843917847	0.02551724137931036
126000	9.675547319051743	0.02551724137931036
126100	9.675299606988906	0.02551724137931036
126200	9.675056575673104	0.02551724137931036
126300	9.674802045272827	0.02551724137931036
126400	9.674566764990807	0.02551724137931036
126500	9.674324820289613	0.02551724137931036
126600	9.674087892212867	0.02551724137931036
126700	9.673847776021004	0.02551724137931036
126800	9.673619708634376	0.02551724137931036
126900	9.673398034952164	0.02551724137931036
127000	9.673162072831154	0.02551724137931036
127100	9.67293069249344	0.02551724137931036
127200	9.67268722133255	0.02551724137931036
127300	9.672442617267608	0.02551724137931036
127400	9.672216703364372	0.02551724137931036
127500	9.671998098935127	0.02551724137931036
127600	9.671760545986176	0.02551724137931036
127700	9.671517632524491	0.02551724137931036
127800	9.671279659406663	0.02551724137931036
127900	9.671044507430077	0.02551724137931036
128000	9.670815741150856	0.02551724137931036
128100	9.670581624562264	0.02551724137931036
128200	9.670342620264053	0.02551724137931036
128300	9.670088296554566	0.02551724137931036
128400	9.669854320314407	0.02551724137931036
128500	9.669615688549996	0.02551724137931036
128600	9.669375583684921	0.02551724137931036
128700	9.669140156472206	0.02551724137931036
128800	9.668894619194031	0.02551724137931036
128900	9.668665221546172	0.02551724137931036
129000	9.668428645392417	0.02551724137931036
129100	9.668203735316277	0.02551724137931036
129200	9.667958918980599	0.02551724137931036
129300	9.667731217752456	0.02551724137931036
129400	9.66750599405098	0.02551724137931036
129500	9.667261255908013	0.02551724137931036
129600	9.66702193214035	0.02551724137931036
129700	9.666780389982224	0.02551724137931036
129800	9.66655462788105	0.02551724137931036
129900	9.666323582531929	0.02551724137931036
130000	9.666092911258698	0.02551724137931036
130100	9.665862517653466	0.02551724137931036
130200	9.665625106963157	0.02551724137931036
130300	9.665385572838783	0.02551724137931036
130400	9.665150366638183	0.02551724137931036
130500	9.664917675706864	0.02551724137931036
130600	9.664686296285629	0.02551724137931036
130700	9.664447383710861	0.02551724137931036
130800	9.66420441133213	0.02551724137931036
130900	9.663975852291108	0.02551724137931036
131000	9.663744542458534	0.02551724137931036
131100	9.663513067651749	0.02551724137931036
131200	9.663283632124902	0.02551724137931036
131300	9.663045959964752	0.02551724137931036
131400	9.662808198456764	0.02551724137931036
131500	9.66257503505802	0.02551724137931036
131600	9.662340224185943	0.02551724137931036
131700	9.662102973124505	0.02551724137931036
131800	9.661867713983536	0.02551724137931036
131900	9.661642043593407	0.02551724137931036
132000	9.66140734135437	0.02551724137931036
132100	9.661178134453774	0.02551724137931036
132200	9.660929095222473	0.02551724137931036
132300	9.660695025507927	0.02551724137931036
132400	9.66045992027092	0.02551724137931036
132500	9.660218028643609	0.02551724137931036
132600	9.659983869368553	0.02551724137931036
132700	9.65975148594761	0.02551724137931036
132800	9.659526500411033	0.02551724137931036
132900	9.65929168656826	0.02551724137931036
133000	9.659064141998291	0.02551724137931036
133100	9.658825251600266	0.02551724137931036
133200	9.658582362859725	0.02551724137931036
133300	9.658346882252694	0.02551724137931036
133400	9.65811023626995	0.02551724137931036
133500	9.657872796059609	0.02551724137931036
133600	9.657641257092475	0.02551724137931036
133700	9.65741398309517	0.02551724137931036
133800	9.657178188245773	0.02551724137931036
133900	9.65695114512825	0.02551724137931036
134000	9.656724968566895	0.02551724137931036
134100	9.65648962741375	0.02551724137931036
134200	9.656254127140045	0.02551724137931036
134300	9.656019885720253	0.02551724137931036
134400	9.655786784955025	0.02551724137931036
134500	9.655541248408317	0.02551724137931036
134600	9.655296899611473	0.02551724137931036
134700	9.655064786950112	0.02551724137931036
134800	9.654836026402473	0.02551724137931036
134900	9.654597230283738	0.02551724137931036
135000	9.654363557255746	0.02551724137931036
135100	9.65413535314083	0.02551724137931036
135200	9.653884624707223	0.02551724137931036
135300	9.65365768175602	0.02551724137931036
135400	9.653420105559348	0.02551724137931036
135500	9.653180304899216	0.02551724137931036
135600	9.652931781611443	0.02551724137931036
135700	9.652695519479751	0.02551724137931036
135800	9.652457532932281	0.02551724137931036
135900	9.652215453078746	0.02551724137931036
136000	9.651992747894765	0.02551724137931036
136100	9.651762486933707	0.02551724137931036
136200	9.651514312311173	0.02551724137931036
136300	9.651282413751126	0.02551724137931036
136400	9.651044701294422	0.02551724137931036
136500	9.650821303515912	0.02551724137931036
136600	9.650587080158234	0.02551724137931036
136700	9.65035349928093	0.02551724137931036
136800	9.650127218684197	0.02551724137931036
136900	9.649891932404994	0.02551724137931036
137000	9.649652715168	0.02551724137931036
137100	9.64941382591343	0.02551724137931036
137200	9.6491875326581	0.02551724137931036
137300	9.64895202414608	0.02551724137931036
137400	9.648720473605156	0.02551724137931036
137500	9.648490462742805	0.02551724137931036
137600	9.648241505422115	0.02551724137931036
137700	9.648004656692505	0.02551724137931036
137800	9.647771694164753	0.02551724137931036
137900	9.64753190491867	0.02551724137931036
138000	9.647296314898968	0.02551724137931036
138100	9.647072115371227	0.02551724137931036
138200	9.646830907299519	0.02551724137931036
138300	9.646593974548816	0.02551724137931036
138400	9.646360038977623	0.02551724137931036
138500	9.646125491895676	0.02551724137931036
138600	9.645882882658958	0.02551724137931036
138700	9.645643411173344	0.02551724137931036
138800	9.645409768681048	0.02551724137931036
138900	9.645168419896603	0.02551724137931036
139000	9.644928367156028	0.02551724137931036
139100	9.644680979545594	0.02551724137931036
139200	9.64444594895649	0.02551724137931036
139300	9.644209558643817	0.02551724137931036
139400	9.643963205184937	0.02551724137931036
139500	9.643730717514037	0.02551724137931036
139600	9.643494366595268	0.02551724137931036
139700	9.643256164653302	0.02551724137931036
139800	9.64302561729908	0.02551724137931036
139900	9.642787739231586	0.02551724137931036
140000	9.642559772534847	0.02551724137931036
140100	9.642332791098594	0.02551724137931036
140200	9.642100487188339	0.02551724137931036
140300	9.641858462272166	0.02551724137931036
140400	9.641631626963616	0.02551724137931036
140500	9.641396517183304	0.02551724137931036
140600	9.64116158813715	0.02551724137931036
140700	9.64092473247385	0.02551724137931036
140800	9.640669519504547	0.02551724137931036
140900	9.640429108006954	0.02551724137931036
141000	9.640198846635341	0.02551724137931036
141100	9.639966266887665	0.02551724137931036
141200	9.639729608129977	0.02551724137931036
141300	9.639495348917961	0.02551724137931036
141400	9.639255474351407	0.02551724137931036
141500	9.639025421683789	0.02551724137931036
141600	9.63879994533205	0.02551724137931036
141700	9.638561332831383	0.02551724137931036
141800	9.638321565226555	0.02551724137931036
141900	9.638084364017487	0.02551724137931036
142000	9.637855578512191	0.02551724137931036
142100	9.637622804449558	0.02551724137931036
142200	9.637399325994492	0.02551724137931036
142300	9.63715677823305	0.02551724137931036
142400	9.636919305073262	0.02551724137931036
142500	9.636693145350932	0.02551724137931036
142600	9.636462307035446	0.02551724137931036
142700	9.636233151309966	0.02551724137931036
142800	9.635997020773887	0.02551724137931036
142900	9.635754017442226	0.02551724137931036
143000	9.635520168684483	0.02551724137931036
143100	9.635285912825108	0.02551724137931036
143200	9.635053890614033	0.02551724137931036
143300	9.634812909202576	0.02551724137931036
143400	9.634571733549596	0.02551724137931036
143500	9.634345074997425	0.02551724137931036
143600	9.634124649595261	0.02551724137931036
143700	9.633890859765529	0.02551724137931036
143800	9.633653518095493	0.02551724137931036
143900	9.633427611978053	0.02551724137931036
144000	9.633196083571434	0.02551724137931036
144100	9.632958524333	0.02551724137931036
144200	9.63272504987669	0.02551724137931036
144300	9.632503896743774	0.02551724137931036
144400	9.632268657166957	0.02551724137931036
144500	9.632039624465465	0.02551724137931036
144600	9.6318023515234	0.02551724137931036
144700	9.631586572502137	0.02551724137931036
144800	9.63135843963623	0.02551724137931036
144900	9.631126361955166	0.02551724137931036
145000	9.630893466266633	0.02551724137931036
145100	9.630658847353459	0.02551724137931036
145200	9.630425704803466	0.02566666666666668
145300	9.630191908658505	0.02566666666666668
145400	9.629960052788734	0.025806451612903243
145500	9.629716118637562	0.025937500000000016
145600	9.629486337759971	0.02617647058823531
145700	9.629237394064903	0.0262857142857143
145800	9.628981451767922	0.026486486486486504
145900	9.628699611278057	0.026486486486486504
146000	9.628436235086442	0.026486486486486504
146100	9.628172249094487	0.026486486486486504
146200	9.627902758030414	0.026486486486486504
146300	9.627619592701436	0.026486486486486504
146400	9.627339627122879	0.026486486486486504
146500	9.62705057772255	0.026486486486486504
146600	9.626751920106887	0.026486486486486504
146700	9.626458681626797	0.026486486486486504
146800	9.626137795528889	0.02657894736842107
146900	9.625827739243507	0.02657894736842107
147000	9.625502280671597	0.026904761904761924
147100	9.62518265027237	0.02711111111111113
147200	9.624868020154953	0.02711111111111113
147300	9.6245308163414	0.02711111111111113
147400	9.624179917910576	0.02711111111111113
147500	9.623831219084263	0.02711111111111113
147600	9.623459791751385	0.02711111111111113
147700	9.623082382600785	0.02711111111111113
147800	9.622682352463245	0.02711111111111113
147900	9.622292755060196	0.02711111111111113
148000	9.621888760169506	0.02711111111111113
148100	9.621461638243675	0.02711111111111113
148200	9.621045265194892	0.02711111111111113
148300	9.620617368148327	0.02711111111111113
148400	9.620188364515304	0.02711111111111113
148500	9.619744859023093	0.02711111111111113
148600	9.61928767962885	0.02711111111111113
148700	9.618850775989532	0.02711111111111113
148800	9.618403405177594	0.02711111111111113
148900	9.617974321998119	0.02711111111111113
149000	9.617513675771713	0.02711111111111113
149100	9.617044836723805	0.02711111111111113
149200	9.616576722644806	0.02711111111111113
149300	9.616095758206844	0.02711111111111113
149400	9.615609328220843	0.02711111111111113
149500	9.615145223329067	0.02711111111111113
149600	9.614681364024163	0.02711111111111113
149700	9.61421899914074	0.02711111111111113
149800	9.613757044834614	0.02711111111111113
149900	9.613305540783882	0.02711111111111113
150000	9.612845818763732	0.02711111111111113
150100	9.612374636390687	0.02711111111111113
150200	9.611912252803325	0.02711111111111113
150300	9.611462938439846	0.02711111111111113
150400	9.610993902712345	0.02711111111111113
150500	9.610525809157371	0.02711111111111113
150600	9.610065874649525	0.02711111111111113
150700	9.609585499810219	0.02711111111111113
150800	9.609110307443142	0.02711111111111113
150900	9.608650725606918	0.02711111111111113
151000	9.608181283244132	0.02711111111111113
151100	9.607704793541908	0.02711111111111113
151200	9.607227979697228	0.02711111111111113
151300	9.606756760655403	0.02711111111111113
151400	9.606275443932056	0.02711111111111113
151500	9.605820133311271	0.02711111111111113
151600	9.605352624508381	0.02711111111111113
151700	9.60488359983921	0.02711111111111113
151800	9.60441654733467	0.02711111111111113
151900	9.603943753660202	0.02711111111111113
152000	9.60346216356659	0.02711111111111113
152100	9.602985920085906	0.02711111111111113
152200	9.602493854336739	0.02711111111111113
152300	9.602018994698048	0.02711111111111113
152400	9.601548293113233	0.02711111111111113
152500	9.601072394207478	0.02711111111111113
152600	9.60062770291996	0.02711111111111113
152700	9.600175260210037	0.02711111111111113
152800	9.59970446775341	0.02711111111111113
152900	9.599257193140984	0.02711111111111113
153000	9.598789261703015	0.02711111111111113
153100	9.598311429561138	0.02711111111111113
153200	9.597829161457538	0.02711111111111113
153300	9.597349450933457	0.02711111111111113
153400	9.596866479141712	0.02711111111111113
153500	9.596390336979866	0.02711111111111113
153600	9.595926372431279	0.02711111111111113
153700	9.595465280993938	0.02711111111111113
153800	9.594998406171799	0.02711111111111113
153900	9.594508907290459	0.02711111111111113
154000	9.59404089521408	0.02711111111111113
154100	9.593571257764816	0.02711111111111113
154200	9.593098337254524	0.02711111111111113
154300	9.592637057045936	0.02711111111111113
154400	9.592156307962895	0.02711111111111113
154500	9.591672807335854	0.02711111111111113
154600	9.591200241788863	0.02711111111111113
154700	9.590721640686512	0.02711111111111113
154800	9.590259371593476	0.02711111111111113
154900	9.589773585086823	0.02711111111111113
155000	9.589306631868363	0.02711111111111113
155100	9.588844787386417	0.02711111111111113
155200	9.588384805015087	0.02711111111111113
155300	9.58792826023674	0.02711111111111113
155400	9.587465602117538	0.02711111111111113
155500	9.586997362584114	0.02711111111111113
155600	9.586535560860158	0.02711111111111113
155700	9.586069865084648	0.02711111111111113
155800	9.58561235405016	0.02711111111111113
155900	9.585146980276107	0.02711111111111113
156000	9.584695697197438	0.02711111111111113
156100	9.584245907417298	0.02711111111111113
156200	9.583785697567462	0.02711111111111113
156300	9.583304490454674	0.02711111111111113
156400	9.582828141485214	0.02711111111111113
156500	9.582377975439071	0.02711111111111113
156600	9.581917072573662	0.02711111111111113
156700	9.581451121764182	0.02711111111111113
156800	9.5809854219203	0.02711111111111113
156900	9.580545563091755	0.02711111111111113
157000	9.580086947185517	0.02711111111111113
157100	9.579636683443546	0.02711111111111113
157200	9.57916900605774	0.02711111111111113
157300	9.578695129495143	0.02711111111111113
157400	9.578215158216	0.02711111111111113
157500	9.577746749826908	0.02711111111111113
157600	9.577270048185826	0.02711111111111113
157700	9.576792881501198	0.02711111111111113
157800	9.57630764927435	0.02711111111111113
157900	9.575822216357231	0.02711111111111113
158000	9.575350383554458	0.02711111111111113
158100	9.574887844707488	0.02711111111111113
158200	9.57441774789095	0.02711111111111113
158300	9.57394062915802	0.02711111111111113
158400	9.573456765836715	0.02711111111111113
158500	9.57296845927763	0.02711111111111113
158600	9.572490136855125	0.02711111111111113
158700	9.572017205368995	0.02711111111111113
158800	9.571555798369408	0.02711111111111113
158900	9.571099954417228	0.02711111111111113
159000	9.570619633979321	0.02711111111111113
159100	9.570127351062299	0.02711111111111113
159200	9.569641164968491	0.02711111111111113
159300	9.56917657112503	0.02711111111111113
159400	9.568698034732341	0.02711111111111113
159500	9.568204025182247	0.02711111111111113
159600	9.567725296774864	0.02711111111111113
159700	9.567252849701404	0.02711111111111113
159800	9.566775383219719	0.02711111111111113
159900	9.566292406885147	0.02711111111111113
160000	9.56582216516018	0.02711111111111113
160100	9.565338773910522	0.02711111111111113
160200	9.56486269137764	0.02711111111111113
160300	9.564411100655557	0.02711111111111113
160400	9.563938618240357	0.02711111111111113
160500	9.563480065983772	0.02711111111111113
160600	9.563018067484379	0.02711111111111113
160700	9.562559795520782	0.02711111111111113
160800	9.562089493596554	0.02711111111111113
160900	9.561614645846843	0.02711111111111113
161000	9.561158877007484	0.02711111111111113
161100	9.560675684993743	0.02711111111111113
161200	9.560202804983138	0.02711111111111113
161300	9.559737376259804	0.02711111111111113
161400	9.559263749539852	0.02711111111111113
161500	9.55879829624033	0.02711111111111113
161600	9.55833729202795	0.02711111111111113
161700	9.557879939506053	0.02711111111111113
161800	9.557413675708771	0.02711111111111113
161900	9.556950370393276	0.02711111111111113
162000	9.556476201610089	0.02711111111111113
162100	9.556002256306648	0.02711111111111113
162200	9.555542897432804	0.02711111111111113
162300	9.555079169934272	0.02711111111111113
162400	9.554612301583767	0.02711111111111113
162500	9.554133917602062	0.02711111111111113
162600	9.553673532785892	0.02711111111111113
162700	9.553193202543259	0.02711111111111113
162800	9.552730212274074	0.02711111111111113
162900	9.552269623488426	0.02711111111111113
163000	9.55180473078966	0.02711111111111113
163100	9.551331296358109	0.02711111111111113
163200	9.55086933045721	0.02711111111111113
163300	9.550404773465633	0.02711111111111113
163400	9.54994252453041	0.02711111111111113
163500	9.549476215134622	0.02711111111111113
163600	9.549015638130188	0.02711111111111113
163700	9.548545873334408	0.02711111111111113
163800	9.54808248670721	0.02711111111111113
163900	9.54759881936121	0.02711111111111113
164000	9.547140946220875	0.02711111111111113
164100	9.546652366631031	0.02711111111111113
164200	9.5461817792058	0.02711111111111113
164300	9.545719557332516	0.02711111111111113
164400	9.545237407116414	0.02711111111111113
164500	9.544757625319958	0.02711111111111113
164600	9.544276384745121	0.02711111111111113
164700	9.543805412793159	0.02711111111111113
164800	9.543337378819466	0.02711111111111113
164900	9.542864233569622	0.02711111111111113
165000	9.542385890580178	0.02711111111111113
165100	9.541908839893818	0.02711111111111113
165200	9.541449590984822	0.02711111111111113
165300	9.540985816250801	0.02711111111111113
165400	9.540514075466632	0.02711111111111113
165500	9.54005103459549	0.02711111111111113
165600	9.539576906628609	0.02711111111111113
165700	9.53912375377941	0.02711111111111113
165800	9.538665963516712	0.02711111111111113
165900	9.538186721878528	0.02711111111111113
166000	9.537723467158317	0.02711111111111113
166100	9.53725232319498	0.02711111111111113
166200	9.53679310058117	0.02711111111111113
166300	9.536335777662755	0.02711111111111113
166400	9.535862531076909	0.02711111111111113
166500	9.535390930550099	0.02711111111111113
166600	9.53491736052084	0.02711111111111113
166700	9.53444442948389	0.02711111111111113
166800	9.53398835498762	0.02711111111111113
166900	9.533512249177456	0.02711111111111113
167000	9.53305169402647	0.02711111111111113
167100	9.53259251321888	0.02711111111111113
167200	9.532138932161331	0.02711111111111113
167300	9.531647323022366	0.02711111111111113
167400	9.531187562617301	0.02711111111111113
167500	9.530727286527156	0.02711111111111113
167600	9.530271172694206	0.02711111111111113
167700	9.529811430241585	0.02711111111111113
167800	9.529324180496692	0.02711111111111113
167900	9.528855780693053	0.02711111111111113
168000	9.528392421199799	0.02711111111111113
168100	9.527920896797657	0.02711111111111113
168200	9.527475565577983	0.02711111111111113
168300	9.52700883383751	0.02711111111111113
168400	9.526538390850067	0.02711111111111113
168500	9.526081852329732	0.02711111111111113
168600	9.525629849690437	0.02711111111111113
168700	9.525174963319301	0.02711111111111113
168800	9.524706299967766	0.02711111111111113
168900	9.524225404553414	0.02711111111111113
169000	9.52376809438038	0.02711111111111113
169100	9.523304107744217	0.02711111111111113
169200	9.522843873941898	0.02711111111111113
169300	9.522377408603669	0.02711111111111113
169400	9.521912298536778	0.02711111111111113
