MCS	AvgNutrientConcentration	AvgUptake
0	99.90990308200074	0.10000000000000002
100	91.34196258294678	0.10000000000000002
200	83.5896040895996	0.10000000000000002
300	76.5751456680603	0.10000000000000002
400	70.22839429507447	0.10000000000000002
500	64.48576613087464	0.10000000000000002
600	59.289376703796385	0.10000000000000002
700	54.58754277203369	0.10000000000000002
800	50.333206246566775	0.10000000000000002
900	46.48377772663879	0.10000000000000002
1000	43.000679814895626	0.10000000000000002
1100	39.849063646377566	0.10000000000000002
1200	36.997348849456785	0.10000000000000002
1300	34.416999881721495	0.10000000000000002
1400	32.082185798583986	0.10000000000000002
1500	29.969667591667175	0.10000000000000002
1600	28.05814434262085	0.10000000000000002
1700	26.328459766464235	0.10000000000000002
1800	24.76330929104614	0.10000000000000002
1900	23.347021356277466	0.10000000000000002
2000	22.065445326683044	0.10000000000000002
2100	20.90573151296234	0.10000000000000002
2200	19.856285752944945	0.10000000000000002
2300	18.90660939445877	0.10000000000000002
2400	18.04721227771759	0.10000000000000002
2500	17.26949228839493	0.10000000000000002
2600	16.56566583749771	0.10000000000000002
2700	15.928694049507142	0.10000000000000002
2800	15.352222741092682	0.10000000000000002
2900	14.83048789094162	0.10000000000000002
3000	14.358288639667512	0.10000000000000002
3100	13.93091196175766	0.10000000000000002
3200	13.544073523052216	0.10000000000000002
3300	13.1939159237175	0.10000000000000002
3400	12.876946064472198	0.10000000000000002
3500	12.590013547088622	0.10000000000000002
3600	12.330265337032317	0.10000000000000002
3700	12.09509484532547	0.10000000000000002
3800	11.882166080377578	0.10000000000000002
3900	11.689371866622924	0.10000000000000002
4000	11.514789417654038	0.10000000000000002
4100	11.356678203399658	0.10000000000000002
4200	11.213486231859207	0.10000000000000002
4300	11.083777392137527	0.10000000000000002
4400	10.966273697267532	0.10000000000000002
4500	10.85981783792305	0.10000000000000002
4600	10.76334511664772	0.10000000000000002
4700	10.675921024454118	0.10000000000000002
4800	10.596679104036332	0.10000000000000002
4900	10.524827997707368	0.10000000000000002
5000	10.45968182888031	0.10000000000000002
5100	10.400602524225235	0.10000000000000002
5200	10.346998653923034	0.10000000000000002
5300	10.298354206745147	0.10000000000000002
5400	10.254191735586167	0.10000000000000002
5500	10.21409438807106	0.10000000000000002
5600	10.177665379404068	0.10000000000000002
5700	10.144558227895736	0.10000000000000002
5800	10.11446231643486	0.10000000000000002
5900	10.087095896463394	0.10000000000000002
6000	10.062179414937972	0.10000000000000002
6100	10.039496997947692	0.10000000000000002
6200	10.018837668008805	0.10000000000000002
6300	9.999996150619507	0.10000000000000002
6400	9.982813827568053	0.10000000000000002
6500	9.967129009317398	0.10000000000000002
6600	9.95278795891571	0.10000000000000002
6700	9.939662675476074	0.10000000000000002
6800	9.927646849866868	0.10000000000000002
6900	9.916637083551407	0.10000000000000002
7000	9.906521124967576	0.10000000000000002
7100	9.897225036533357	0.10000000000000002
7200	9.888677154375076	0.10000000000000002
7300	9.880785731279373	0.10000000000000002
7400	9.87350925485611	0.10000000000000002
7500	9.866789863983154	0.10000000000000002
7600	9.860561530294419	0.10000000000000002
7700	9.854781020200729	0.10000000000000002
7800	9.849404536987304	0.10000000000000002
7900	9.844398670070648	0.10000000000000002
8000	9.839731275581359	0.10000000000000002
8100	9.835364615871429	0.10000000000000002
8200	9.831270280046462	0.10000000000000002
8300	9.82742351699257	0.10000000000000002
8400	9.823805022312165	0.10000000000000002
8500	9.820383317201614	0.10000000000000002
8600	9.817142664169312	0.10000000000000002
8700	9.814067757688523	0.10000000000000002
8800	9.811152668190003	0.10000000000000002
8900	9.808368907384873	0.10000000000000002
9000	9.805696907791138	0.10000000000000002
9100	9.80313773558426	0.10000000000000002
9200	9.800681235435485	0.10000000000000002
9300	9.798314832250595	0.10000000000000002
9400	9.796042056833267	0.10000000000000002
9500	9.793835237718582	0.10000000000000002
9600	9.791696834602355	0.10000000000000002
9700	9.789608012256622	0.10000000000000002
9800	9.787580769021988	0.10000000000000002
9900	9.7856098752594	0.10000000000000002
10000	9.783677893119812	0.10000000000000002
10100	9.7817823507061	0.10000000000000002
10200	9.779921337295532	0.10000000000000002
10300	9.77810202444458	0.10000000000000002
10400	9.77631777917099	0.10000000000000002
10500	9.774554145009995	0.10000000000000002
10600	9.772809404932023	0.10000000000000002
10700	9.771100055892944	0.10000000000000002
10800	9.769428387405396	0.10000000000000002
10900	9.767861398418427	0.10000000000000002
11000	9.766415930444717	0.10000000000000002
11100	9.765102391246796	0.10000000000000002
11200	9.763899895902634	0.10000000000000002
11300	9.762809454372405	0.10000000000000002
11400	9.761815562374116	0.10000000000000002
11500	9.760913697702408	0.10000000000000002
11600	9.760092231012344	0.10000000000000002
11700	9.759345894424438	0.10000000000000002
11800	9.758667040449142	0.10000000000000002
11900	9.75805116229248	0.10000000000000002
12000	9.757485985395432	0.10000000000000002
12100	9.756979070798874	0.10000000000000002
12200	9.75651629748726	0.10000000000000002
12300	9.756100696809769	0.10000000000000002
12400	9.755717902452469	0.10000000000000002
12500	9.755373574428559	0.10000000000000002
12600	9.755063349681855	0.10000000000000002
12700	9.754777699457168	0.10000000000000002
12800	9.754521583843232	0.10000000000000002
12900	9.754284156383514	0.10000000000000002
13000	9.754070879281997	0.10000000000000002
13100	9.753888659891128	0.10000000000000002
13200	9.75371569712448	0.10000000000000002
13300	9.753556229192734	0.10000000000000002
13400	9.753406290355683	0.10000000000000002
13500	9.753274576309204	0.10000000000000002
13600	9.75315425460434	0.10000000000000002
13700	9.753047184196472	0.10000000000000002
13800	9.752955638608933	0.10000000000000002
13900	9.752874095315933	0.10000000000000002
14000	9.752792049787521	0.10000000000000002
14100	9.752717227977753	0.10000000000000002
14200	9.752636896968841	0.10000000000000002
14300	9.752577712511062	0.10000000000000002
14400	9.752523848573684	0.10000000000000002
14500	9.75247238205719	0.10000000000000002
14600	9.752431206573487	0.10000000000000002
14700	9.752387035137177	0.10000000000000002
14800	9.752348252229691	0.10000000000000002
14900	9.752304397094727	0.10000000000000002
15000	9.752272117174149	0.10000000000000002
15100	9.752248052722932	0.10000000000000002
15200	9.752224281301498	0.10000000000000002
15300	9.752192768972398	0.10000000000000002
15400	9.752177273830414	0.10000000000000002
15500	9.752153642801284	0.10000000000000002
15600	9.752131904876709	0.10000000000000002
15700	9.75211411484909	0.10000000000000002
15800	9.752096126218795	0.10000000000000002
15900	9.752072354354858	0.10000000000000002
16000	9.75205451799965	0.10000000000000002
16100	9.75204320992279	0.10000000000000002
16200	9.752019757072448	0.10000000000000002
16300	9.75201436206627	0.10000000000000002
16400	9.752002636901855	0.10000000000000002
16500	9.751990576652528	0.10000000000000002
16600	9.751969716495514	0.10000000000000002
16700	9.751964118825912	0.10000000000000002
16800	9.7519584858284	0.10000000000000002
16900	9.75194774228859	0.10000000000000002
17000	9.751934525175095	0.10000000000000002
17100	9.75191800564003	0.10000000000000002
17200	9.751913457597732	0.10000000000000002
17300	9.751907580375672	0.10000000000000002
17400	9.751900824357987	0.10000000000000002
17500	9.75189904279518	0.10000000000000002
17600	9.751893590883254	0.10000000000000002
17700	9.751888109563827	0.10000000000000002
17800	9.751878047458648	0.10000000000000002
17900	9.751867344940186	0.10000000000000002
18000	9.751857353624343	0.10000000000000002
18100	9.75184247863388	0.10000000000000002
18200	9.751839588186265	0.10000000000000002
18300	9.751838150266646	0.10000000000000002
18400	9.751837317903519	0.10000000000000002
18500	9.751831599718093	0.10000000000000002
18600	9.751825729715348	0.10000000000000002
18700	9.75182004117775	0.10000000000000002
18800	9.75182123583603	0.10000000000000002
18900	9.751818583364487	0.10000000000000002
19000	9.75181597716713	0.10000000000000002
19100	9.751814859392166	0.10000000000000002
19200	9.751807123443603	0.10000000000000002
19300	9.751803611814498	0.10000000000000002
19400	9.751799712991714	0.10000000000000002
19500	9.751791740802766	0.10000000000000002
19600	9.75178570039177	0.10000000000000002
19700	9.751778575077056	0.10000000000000002
19800	9.751773642873765	0.10000000000000002
19900	9.751768870035171	0.10000000000000002
20000	9.75176848110199	0.10000000000000002
20100	9.751764029916764	0.10000000000000002
20200	9.751762998552323	0.10000000000000002
20300	9.751764142734528	0.10000000000000002
20400	9.751759383268356	0.10000000000000002
20500	9.751754844221114	0.10000000000000002
20600	9.751750974563599	0.10000000000000002
20700	9.751748780656815	0.10000000000000002
20800	9.751750141433716	0.10000000000000002
20900	9.75174413438797	0.10000000000000002
21000	9.751743641454697	0.10000000000000002
21100	9.751734905582428	0.10000000000000002
21200	9.751732136304856	0.10000000000000002
21300	9.751731789773942	0.10000000000000002
21400	9.751729019762038	0.10000000000000002
21500	9.751734657463073	0.10000000000000002
21600	9.75173850438881	0.10000000000000002
21700	9.751731997392655	0.10000000000000002
21800	9.751725790397645	0.10000000000000002
21900	9.751719351377487	0.10000000000000002
22000	9.75171882869339	0.10000000000000002
22100	9.751715183738709	0.10000000000000002
22200	9.751716831399918	0.10000000000000002
22300	9.75170940508461	0.10000000000000002
22400	9.751708871866226	0.10000000000000002
22500	9.751703143960953	0.10000000000000002
22600	9.751702317073821	0.10000000000000002
22700	9.751698843362808	0.10000000000000002
22800	9.751701079797744	0.10000000000000002
22900	9.751694722761155	0.10000000000000002
23000	9.751695242118835	0.10000000000000002
23100	9.75169901591301	0.10000000000000002
23200	9.751700043684005	0.10000000000000002
23300	9.751699338960648	0.10000000000000002
23400	9.751693946466446	0.10000000000000002
23500	9.751697728626251	0.10000000000000002
23600	9.751699377914429	0.10000000000000002
23700	9.751699873800277	0.10000000000000002
23800	9.751700004943848	0.10000000000000002
23900	9.751696436519623	0.10000000000000002
24000	9.751696639814377	0.10000000000000002
24100	9.751687452566147	0.10000000000000002
24200	9.751684379882812	0.10000000000000002
24300	9.751678110303878	0.10000000000000002
24400	9.751675519031524	0.10000000000000002
24500	9.751679815534592	0.10000000000000002
24600	9.751675365192414	0.10000000000000002
24700	9.751673009756088	0.10000000000000002
24800	9.751672951942444	0.10000000000000002
24900	9.751673661201478	0.10000000000000002
25000	9.75167223362732	0.10000000000000002
25100	9.751668733778	0.10000000000000002
25200	9.751668303445816	0.10000000000000002
25300	9.751667098587037	0.10000000000000002
25400	9.751668394929887	0.10000000000000002
25500	9.751667273780823	0.10000000000000002
25600	9.751658466815949	0.10000000000000002
25700	9.751656569961549	0.10000000000000002
25800	9.751648661121369	0.10000000000000002
25900	9.751643266448975	0.10000000000000002
26000	9.751636836244582	0.10000000000000002
26100	9.751636952049255	0.10000000000000002
26200	9.75163823719597	0.10000000000000002
26300	9.751634170793533	0.10000000000000002
26400	9.751635165281296	0.10000000000000002
26500	9.751632366035462	0.10000000000000002
26600	9.751634885032654	0.10000000000000002
26700	9.751629122858047	0.10000000000000002
26800	9.751626218788147	0.10000000000000002
26900	9.751613460910797	0.10000000000000002
27000	9.751614053554535	0.10000000000000002
27100	9.751613240608215	0.10000000000000002
27200	9.75161049071312	0.10000000000000002
27300	9.751609126873017	0.10000000000000002
27400	9.751613281711577	0.10000000000000002
27500	9.75161922856903	0.10000000000000002
27600	9.751614638872146	0.10000000000000002
27700	9.751618043296814	0.10000000000000002
27800	9.751619256187439	0.10000000000000002
27900	9.751610621221543	0.10000000000000002
28000	9.751606417888642	0.10000000000000002
28100	9.75160068551445	0.10000000000000002
28200	9.751608115262986	0.10000000000000002
28300	9.751609573581696	0.10000000000000002
28400	9.75161406639862	0.10000000000000002
28500	9.751612800310134	0.10000000000000002
28600	9.751612856348038	0.10000000000000002
28700	9.751608140218735	0.10000000000000002
28800	9.751608951602936	0.10000000000000002
28900	9.751609063884736	0.10000000000000002
29000	9.751608855405808	0.10000000000000002
29100	9.751609236101151	0.10000000000000002
29200	9.751601926361085	0.10000000000000002
29300	9.75160421077156	0.10000000000000002
29400	9.751611383296966	0.10000000000000002
29500	9.75160886080742	0.10000000000000002
29600	9.751606534952163	0.10000000000000002
29700	9.751599489196778	0.10000000000000002
29800	9.751599170305251	0.10000000000000002
29900	9.751599586874008	0.10000000000000002
30000	9.751591532052993	0.10000000000000002
30100	9.751592447990417	0.10000000000000002
30200	9.75158999993515	0.10000000000000002
30300	9.751588073675155	0.10000000000000002
30400	9.751578806158065	0.10000000000000002
30500	9.751579005659103	0.10000000000000002
30600	9.75157908656311	0.10000000000000002
30700	9.751574416524887	0.10000000000000002
30800	9.751577677497863	0.10000000000000002
30900	9.751569465185165	0.10000000000000002
31000	9.751567639675141	0.10000000000000002
31100	9.751561148866653	0.10000000000000002
31200	9.751558087717056	0.10000000000000002
31300	9.751556262981415	0.10000000000000002
31400	9.751559551298142	0.10000000000000002
31500	9.7515587351017	0.10000000000000002
31600	9.751557843524933	0.10000000000000002
31700	9.751552820503235	0.10000000000000002
31800	9.75155281139946	0.10000000000000002
31900	9.751546294111252	0.10000000000000002
32000	9.75154722305298	0.10000000000000002
32100	9.75155020343399	0.10000000000000002
32200	9.751546490785598	0.10000000000000002
32300	9.75154777165413	0.10000000000000002
32400	9.751548214200973	0.10000000000000002
32500	9.75155929891777	0.10000000000000002
32600	9.751556162178039	0.10000000000000002
32700	9.751558311527253	0.10000000000000002
32800	9.751555947231292	0.10000000000000002
32900	9.751552854709626	0.10000000000000002
33000	9.751543683208466	0.10000000000000002
33100	9.75153760769081	0.10000000000000002
33200	9.751537556964875	0.10000000000000002
33300	9.75153502666092	0.10000000000000002
33400	9.751530255781173	0.10000000000000002
33500	9.751533703176499	0.10000000000000002
33600	9.751539141370774	0.10000000000000002
33700	9.751536428285599	0.10000000000000002
33800	9.75154513915062	0.10000000000000002
33900	9.751546086193084	0.10000000000000002
34000	9.75154497252655	0.10000000000000002
34100	9.751536043401718	0.10000000000000002
34200	9.751530169462203	0.10000000000000002
34300	9.751530606332778	0.10000000000000002
34400	9.75154140238762	0.10000000000000002
34500	9.7515416375103	0.10000000000000002
34600	9.751534040384293	0.10000000000000002
34700	9.75153157136917	0.10000000000000002
34800	9.751535144519806	0.10000000000000002
34900	9.751537374486924	0.10000000000000002
35000	9.75153657436943	0.10000000000000002
35100	9.751530625896454	0.10000000000000002
35200	9.751536759975433	0.10000000000000002
35300	9.751538531917571	0.10000000000000002
35400	9.75154092450142	0.10000000000000002
35500	9.751542621471405	0.10000000000000002
35600	9.751537795845032	0.10000000000000002
35700	9.751539869739533	0.10000000000000002
35800	9.751531625429154	0.10000000000000002
35900	9.751524289808273	0.10000000000000002
36000	9.751526126953125	0.10000000000000002
36100	9.75153174637413	0.10000000000000002
36200	9.751535110353469	0.10000000000000002
36300	9.751535847995758	0.10000000000000002
36400	9.751525161127091	0.10000000000000002
36500	9.751529418289184	0.10000000000000002
36600	9.751525649942398	0.10000000000000002
36700	9.751524728181838	0.10000000000000002
36800	9.751526469221115	0.10000000000000002
36900	9.751524664466858	0.10000000000000002
37000	9.75152367832756	0.10000000000000002
37100	9.751520869508743	0.10000000000000002
37200	9.751522410966873	0.10000000000000002
37300	9.751529534650803	0.10000000000000002
37400	9.751524864023208	0.10000000000000002
37500	9.751518352684021	0.10000000000000002
37600	9.751515365444183	0.10000000000000002
37700	9.751516747509003	0.10000000000000002
37800	9.751518233901978	0.10000000000000002
37900	9.751515335042953	0.10000000000000002
38000	9.751516144426345	0.10000000000000002
38100	9.751513441375732	0.10000000000000002
38200	9.751509381752014	0.10000000000000002
38300	9.751505493951797	0.10000000000000002
38400	9.751507523475647	0.10000000000000002
38500	9.751514909999848	0.10000000000000002
38600	9.751507333286286	0.10000000000000002
38700	9.751511743467331	0.10000000000000002
38800	9.751518401216506	0.10000000000000002
38900	9.751515237060547	0.10000000000000002
39000	9.751512142299653	0.10000000000000002
39100	9.751516739440918	0.10000000000000002
39200	9.751504712097168	0.10000000000000002
39300	9.751506484840393	0.10000000000000002
39400	9.751502152786255	0.10000000000000002
39500	9.751500438865662	0.10000000000000002
39600	9.751498168468475	0.10000000000000002
39700	9.75150261141777	0.10000000000000002
39800	9.751502938058852	0.10000000000000002
39900	9.751504778642655	0.10000000000000002
40000	9.75151125143814	0.10000000000000002
40100	9.75151289195633	0.10000000000000002
40200	9.751509839288712	0.10000000000000002
40300	9.751512899532319	0.10000000000000002
40400	9.751510706510544	0.10000000000000002
40500	9.751501681417466	0.10000000000000002
40600	9.751492545671463	0.10000000000000002
40700	9.751488479845047	0.10000000000000002
40800	9.75148082346344	0.10000000000000002
40900	9.751483522796631	0.10000000000000002
41000	9.751488387207031	0.10000000000000002
41100	9.751486499843597	0.10000000000000002
41200	9.751480773609162	0.10000000000000002
41300	9.751483779964447	0.10000000000000002
41400	9.751479230480195	0.10000000000000002
41500	9.751484425743103	0.10000000000000002
41600	9.751487958179474	0.10000000000000002
41700	9.75149303669548	0.10000000000000002
41800	9.751498340711594	0.10000000000000002
41900	9.751500148920059	0.10000000000000002
42000	9.75150297307396	0.10000000000000002
42100	9.751500557649612	0.10000000000000002
42200	9.751496073297501	0.10000000000000002
42300	9.751493135463715	0.10000000000000002
42400	9.751487171920777	0.10000000000000002
42500	9.75149133262825	0.10000000000000002
42600	9.751490928358079	0.10000000000000002
42700	9.751494613035202	0.10000000000000002
42800	9.751493365215302	0.10000000000000002
42900	9.751485040758133	0.10000000000000002
43000	9.751487994916916	0.10000000000000002
43100	9.751486373249055	0.10000000000000002
43200	9.751484347518922	0.10000000000000002
43300	9.751486158704758	0.10000000000000002
43400	9.751481239795686	0.10000000000000002
43500	9.751488817012786	0.10000000000000002
43600	9.751487297719956	0.10000000000000002
43700	9.75149291691208	0.10000000000000002
43800	9.751492291130067	0.10000000000000002
43900	9.751494094724656	0.10000000000000002
44000	9.751496752340318	0.10000000000000002
44100	9.751492059337616	0.10000000000000002
44200	9.751488878097534	0.10000000000000002
44300	9.751485647829055	0.10000000000000002
44400	9.751483124986649	0.10000000000000002
44500	9.751480042980194	0.10000000000000002
44600	9.751475196399689	0.10000000000000002
44700	9.751473067991256	0.10000000000000002
44800	9.751469194150925	0.10000000000000002
44900	9.751471434467316	0.10000000000000002
45000	9.75147571919632	0.10000000000000002
45100	9.751338160249711	0.15000000000000005
45200	9.75099066015625	0.15000000000000005
45300	9.750656592632295	0.15000000000000005
45400	9.750332416113853	0.15000000000000005
45500	9.750033225306511	0.15000000000000005
45600	9.749737053114892	0.15000000000000005
45700	9.74945085933876	0.15000000000000005
45800	9.749169691227912	0.15000000000000005
45900	9.748904289087296	0.15000000000000005
46000	9.748648447835922	0.15000000000000005
46100	9.748389912264823	0.15000000000000005
46200	9.748147654851913	0.15000000000000005
46300	9.747896519579887	0.15000000000000005
46400	9.747653508768082	0.15000000000000005
46500	9.747412253296853	0.15000000000000005
46600	9.747171185910226	0.15000000000000005
46700	9.746933425572395	0.15000000000000005
46800	9.746691693051337	0.15000000000000005
46900	9.746458899650573	0.15000000000000005
47000	9.746229360397338	0.15000000000000005
47100	9.746008872353555	0.15000000000000005
47200	9.745786001605987	0.15000000000000005
47300	9.745572050289153	0.15000000000000005
47400	9.745354980409623	0.15000000000000005
47500	9.745136322177887	0.15000000000000005
47600	9.744919953748703	0.15000000000000005
47700	9.744709847598076	0.15000000000000005
47800	9.744347526978492	0.18888888888888894
47900	9.74379422203064	0.18888888888888894
48000	9.743241465090751	0.18888888888888894
48100	9.742705415964126	0.18888888888888894
48200	9.74217702745056	0.18888888888888894
48300	9.74165468967533	0.18888888888888894
48400	9.741144844072341	0.18888888888888894
48500	9.740650535214424	0.18888888888888894
48600	9.74015971455431	0.18888888888888894
48700	9.73967532228756	0.18888888888888894
48800	9.739201405212402	0.18888888888888894
48900	9.738729785290241	0.18888888888888894
49000	9.738274335630416	0.18888888888888894
49100	9.737821144473076	0.18888888888888894
49200	9.737372003330707	0.18888888888888894
49300	9.736921667181969	0.18888888888888894
49400	9.736479260070801	0.18888888888888894
49500	9.736041025731087	0.18888888888888894
49600	9.735605300902366	0.18888888888888894
49700	9.735173281897069	0.18888888888888894
49800	9.734750709904194	0.18888888888888894
49900	9.734318434073447	0.18888888888888894
50000	9.73389450660038	0.18888888888888894
50100	9.733473895563126	0.18888888888888894
50200	9.733058361516	0.18888888888888894
50300	9.73264704475069	0.18888888888888894
50400	9.732229624363422	0.18888888888888894
50500	9.731823596573829	0.18888888888888894
50600	9.731414954746723	0.18888888888888894
50700	9.73100376035595	0.18888888888888894
50800	9.730593711252213	0.18888888888888894
50900	9.730172587487697	0.18888888888888894
51000	9.729759083138466	0.18888888888888894
51100	9.729352377951622	0.18888888888888894
51200	9.728948390665531	0.18888888888888894
51300	9.728543068809985	0.18888888888888894
51400	9.728123180841923	0.18888888888888894
51500	9.727715671159267	0.18888888888888894
51600	9.727309714438915	0.18888888888888894
51700	9.72690295481634	0.18888888888888894
51800	9.72650259629488	0.18888888888888894
51900	9.726103464651585	0.18888888888888894
52000	9.725698949615001	0.18888888888888894
52100	9.725301979804993	0.18888888888888894
52200	9.724908295585632	0.18888888888888894
52300	9.724506726198197	0.18888888888888894
52400	9.724107256070138	0.18888888888888894
52500	9.723701557777405	0.18888888888888894
52600	9.723295018460512	0.18888888888888894
52700	9.722892742783547	0.18888888888888894
52800	9.722078229260445	0.24545454545454548
52900	9.720955266151428	0.24545454545454548
53000	9.719856258343697	0.24545454545454548
53100	9.718791629592419	0.24545454545454548
53200	9.717760554815769	0.24545454545454548
53300	9.7167602008574	0.24545454545454548
53400	9.715795000269413	0.24545454545454548
53500	9.714848289307833	0.24545454545454548
53600	9.713917482667684	0.24545454545454548
53700	9.713004504720926	0.24545454545454548
53800	9.712104258381844	0.24545454545454548
53900	9.711223674482584	0.24519212110476063
54000	9.710364134305715	0.24504640129479496
54100	9.70950302252078	0.24545454545454548
54200	9.70865833441019	0.24545454545454548
54300	9.707816110668897	0.24545454545454548
54400	9.706989162090062	0.24484631392088804
54500	9.70616969910884	0.24545454545454548
54600	9.705341219909668	0.24545454545454548
54700	9.704522549245834	0.24437875341285362
54800	9.703719171637296	0.24412883655591447
54900	9.702919380121946	0.24379471730102195
55000	9.702122814121246	0.24329179362817246
55100	9.701339145848275	0.2433044569058852
55200	9.70055923498559	0.24344091903079643
55300	9.699760233678102	0.24334925656968898
55400	9.698969583769799	0.24256560314785353
55500	9.698180132452489	0.24310691898519343
55600	9.697400489578724	0.2423841869289225
55700	9.696630395932198	0.24216697947545487
55800	9.695845656383753	0.24294157976453956
55900	9.695073022939205	0.24289394075220283
56000	9.69428743079996	0.24135196723721244
56100	9.693520547032119	0.2412722108038989
56200	9.692763288292646	0.24121844064105644
56300	9.691988517346621	0.24114888879385862
56400	9.691220972429752	0.24106780480254783
56500	9.690464303144216	0.24096214202317326
56600	9.689719187175275	0.24206560958515516
56700	9.688955311203479	0.24154521768743342
56800	9.688201112048626	0.24112072288990022
56900	9.687453446101427	0.2419941612265327
57000	9.686687093326569	0.2403591895645315
57100	9.685928675797223	0.24050658643245698
57200	9.685163399931431	0.24129301011562349
57300	9.684415583003283	0.24071546549146827
57400	9.683650282965184	0.24460098797624763
57500	9.682893437699795	0.24119238121943043
57600	9.68214081744814	0.23917103599418296
57700	9.681391905976056	0.2384873463348909
57800	9.679704896769048	0.30293062110741936
57900	9.677914395097494	0.30143413225809734
58000	9.676182885505439	0.3024535673856735
58100	9.674528883550167	0.2999193100134532
58200	9.672926174595595	0.3000641473134359
58300	9.671332877182484	0.2994943169752757
58400	9.669741347763061	0.3022094565629959
58500	9.668159400323391	0.30139114836851755
58600	9.666623366032601	0.2981181480487188
58700	9.665050833565711	0.2998984314997991
58800	9.663511031237125	0.2980279513200124
58900	9.661981645177127	0.2974818346897761
59000	9.660468098004102	0.2971355684598287
59100	9.658966414213896	0.2987118858098984
59200	9.65744662169814	0.29825613379478455
59300	9.655928356401205	0.3024713722864787
59400	9.654404307428479	0.30030820349852244
59500	9.652907469413996	0.2977783777316411
59600	9.651408574556113	0.29657838722070057
59700	9.649949345022202	0.2983741370836894
59800	9.648502423653126	0.2981456426779429
59900	9.647082731797934	0.2980599908034007
60000	9.645660263117552	0.2978524186213811
60100	9.644244728987694	0.29569286088148755
60200	9.64281053541398	0.29578182578086853
60300	9.641377272041797	0.2952138849099477
60400	9.63993495996356	0.2955603110790253
60500	9.63845688900137	0.2956045208374659
60600	9.636996481390714	0.2953700431187948
60700	9.635544317490101	0.29538499693075815
60800	9.634081010662317	0.2949615615606308
60900	9.632620694757223	0.2943963247537613
61000	9.631174121913672	0.2940559991200765
61100	9.629712566578865	0.29817061603069306
61200	9.628209019394397	0.2973144082228343
61300	9.626738085116386	0.29480826040109
61400	9.625275686088324	0.2973409163951874
61500	9.623815044694423	0.2964085735877355
61600	9.622363222656965	0.2939699508746465
61700	9.620899920758843	0.30090765535831454
61800	9.619426189020157	0.2979050515095393
61900	9.617924939537764	0.2991362698872884
62000	9.616428222554207	0.2947300014893214
62100	9.614930315105438	0.2945626078049342
62200	9.61343063771701	0.29768564184506735
62300	9.611957467850923	0.29375122765700024
62400	9.610456918645143	0.2955307918787003
62500	9.608976836193323	0.29455340981483463
62600	9.607505555563092	0.2969233938058217
62700	9.605891689097286	0.34836751282215117
62800	9.602865425271034	0.3513599626396013
62900	9.600003573909998	0.3498623551233955
63000	9.597237907874822	0.353058875773264
63100	9.594516975695848	0.347550588975782
63200	9.591832760077715	0.3496365403351576
63300	9.589123183230162	0.34500231289345284
63400	9.586439988848925	0.3456181629844334
63500	9.583715158732772	0.34755649696225704
63600	9.580974869078874	0.3444217377382776
63700	9.578247816393851	0.34694503234780355
63800	9.575427037023307	0.34785612108914743
63900	9.572569095728635	0.3478075368248898
64000	9.569730494431019	0.34463827299035116
64100	9.56687925276649	0.3499046161122944
64200	9.564032786684752	0.3441343779149263
64300	9.561194078000545	0.3438089339629464
64400	9.558351304525614	0.34432895468628927
64500	9.55546853085351	0.34708446704823037
64600	9.552556896624326	0.34600103665953097
64700	9.549636995888472	0.34517995352330416
64800	9.546680665699006	0.3521791740604069
64900	9.543739855401158	0.35090877167556594
65000	9.540832013613224	0.345715821955515
65100	9.537882593886733	0.3490734721007554
65200	9.53489816748333	0.34775408700756405
65300	9.531951475062012	0.3490445897631023
65400	9.52903569025886	0.34645426973052645
65500	9.526127465616225	0.34432282577390255
65600	9.523235526236295	0.35274722252203067
65700	9.52029047902143	0.3473173845073451
65800	9.51735175775671	0.34311883980813235
65900	9.514412728354692	0.3439171889553899
66000	9.511463814108849	0.3463824733443882
66100	9.508507919116258	0.34385465396487197
66200	9.505550355529547	0.34320882921633517
66300	9.502564870731115	0.3491231791351152
66400	9.499639458309412	0.34477473264155184
66500	9.496694162690877	0.3440213202134423
66600	9.493765958252906	0.34394404991813327
66700	9.490844503691434	0.3416424800520358
66800	9.487899035155774	0.343432515082152
66900	9.48495380600369	0.3412631567405618
67000	9.481959852635622	0.34643470968889156
67100	9.478973473724126	0.3454803913831711
67200	9.476025823575855	0.34958938852600424
67300	9.473083783320904	0.3444140869638194
67400	9.470093284797906	0.34618872002415035
67500	9.467162485623598	0.34226905250031014
67600	9.464178167361736	0.34236342544141024
67700	9.460339532974482	0.39253443046049635
67800	9.455217996506452	0.3826459316871105
67900	9.450278907477736	0.38589413647468274
68000	9.445399899919153	0.37982592513928043
68100	9.440450132994055	0.3819646074221684
68200	9.43542809470749	0.38263170375273775
68300	9.430383328733445	0.3821484354061958
68400	9.425210881251932	0.3831442333948918
68500	9.42000181638074	0.37931859218157254
68600	9.414764425927043	0.3824779554819449
68700	9.409467228630305	0.3846656900949967
68800	9.404144453708888	0.3806040484935809
68900	9.398730974973917	0.37929624999180817
69000	9.393281650531412	0.3802065095840356
69100	9.387725767383813	0.38043901545879166
69200	9.38214131953311	0.3820337102199212
69300	9.376501565362572	0.38669314361535584
69400	9.370813633065342	0.3796297135261389
69500	9.365029412539482	0.38166624223574613
69600	9.359326664069176	0.38021146402909206
69700	9.353620872766971	0.379342449704806
69800	9.347895517005563	0.37936809422113954
69900	9.34221081179452	0.3841541317028877
70000	9.336532528812528	0.37952915552334904
70100	9.330810358077288	0.3807605653237074
70200	9.32507750449717	0.38322881238582807
70300	9.319296979540706	0.38096938217297577
70400	9.31351042182374	0.3811567768836633
70500	9.307671800224782	0.3833633855367318
70600	9.301826140794635	0.3834305072442079
70700	9.29595274335909	0.37828350365161895
70800	9.290096092807412	0.3810658614604901
70900	9.284269684241057	0.3794494534150148
71000	9.278378820570468	0.3839929844324405
71100	9.272459085306286	0.37856238041168605
71200	9.266597130607128	0.377937167424422
71300	9.260724043537737	0.3788976374344948
71400	9.254824851664067	0.38105442768488174
71500	9.248954969828963	0.3801321073220326
71600	9.243121291091203	0.37912619564777766
71700	9.237303327082158	0.3771876753140718
71800	9.23148171718073	0.37935593945857804
71900	9.225686105365037	0.3795112500588099
72000	9.219804616128206	0.37877841171545856
72100	9.213871063922882	0.38130762210259067
72200	9.207944855594159	0.38020982948633336
72300	9.202022612234831	0.3838909726112317
72400	9.196099872031809	0.37962648532329457
72500	9.190211454263688	0.3796522054916773
72600	9.1843285987401	0.37922736001320373
72700	9.176573368436337	0.40674698193868003
72800	9.167931633209466	0.4014126541389935
72900	9.15934735849452	0.4004716330294986
73000	9.150724548586489	0.40528909974064387
73100	9.1419629685961	0.40329293617120027
73200	9.132890625926375	0.40272991858737567
73300	9.123664208323955	0.4007654806677724
73400	9.114313972518922	0.40513909950222765
73500	9.104818324712873	0.4003452595270855
73600	9.095256622398853	0.40178328055731005
73700	9.085550414465786	0.4058621027939756
73800	9.07571630098629	0.402782542352945
73900	9.065807753571391	0.4009406335337061
74000	9.055759306217313	0.40034095246187396
74100	9.045636648074746	0.4008875484617663
74200	9.035409423291206	0.400307804933736
74300	9.025130048087359	0.40370717367655795
74400	9.014768988085628	0.39831313276794594
74500	9.004308955501438	0.40263536883072115
74600	8.993837886785387	0.4027584117063334
74700	8.983276214580656	0.4001598960077259
74800	8.972736535327195	0.40313295680032646
74900	8.96217141307497	0.40024901607506713
75000	8.951559933420063	0.4019119581706087
75100	8.94101845154047	0.3997831321098435
75200	8.93048957592833	0.39972511181529136
75300	8.919814839780807	0.4027854157585493
75400	8.90908950717616	0.4008029799646055
75500	8.898405933849812	0.3992212133088582
75600	8.887567895036101	0.4025495410805017
75700	8.876761716031313	0.4006285996504233
75800	8.86592440437901	0.3990388147008251
75900	8.855120615185022	0.40103720732977693
76000	8.844204206254005	0.39948482387502426
76100	8.833267320611595	0.3984683271025268
76200	8.822351811125635	0.4045553360186832
76300	8.811363710023404	0.4022804061711674
76400	8.800504893656969	0.39766488335501976
76500	8.789597267703892	0.40032280431666845
76600	8.778642973378062	0.39779408712622144
76700	8.76763057341504	0.4005486291059306
76800	8.756645365736365	0.39776529913217246
76900	8.745692678367734	0.3972997620911665
77000	8.734665769465566	0.4000919263547575
77100	8.723515052932262	0.40106958314566543
77200	8.712454007992505	0.3991930259785182
77300	8.701337295363308	0.3992069086138631
77400	8.69016577607286	0.4006512766992542
77500	8.678998887253762	0.4000831705583653
77600	8.667809955271721	0.3979897649751769
77700	8.652883511038423	0.41943237035798386
77800	8.637448035824656	0.4129580888228539
77900	8.62236952401185	0.41042125915096017
78000	8.607527240987778	0.40977102724973824
78100	8.592622068197011	0.41177143141871597
78200	8.577522868943452	0.41133727275075455
78300	8.562147980282306	0.4100379369020462
78400	8.54660496167171	0.41005956265926363
78500	8.53085910430932	0.41124928400516514
78600	8.514931539234638	0.40971710780863707
78700	8.498748290456533	0.4113760883629087
78800	8.482282316910982	0.4098137295386923
78900	8.46599333195138	0.407279263894389
79000	8.449541564608216	0.40875784745366556
79100	8.4329169764359	0.4119272315969654
79200	8.416218820537805	0.40884839270629136
79300	8.399442172605395	0.4102826022775844
79400	8.38256719532001	0.4108200590508853
79500	8.365551699838042	0.40901462553090573
79600	8.348523151831627	0.40723078030806326
79700	8.331372385696888	0.4093966331390234
79800	8.314187491476655	0.4102327481829203
79900	8.2969383950361	0.40962184252647255
80000	8.27960937900567	0.4094622145210646
80100	8.262156971727729	0.40950000660629565
80200	8.244698990873934	0.4121442251963634
80300	8.227086565067768	0.41062218028466824
80400	8.209515779856682	0.40951156248534776
80500	8.191865666678309	0.4069750943631505
80600	8.17414667682755	0.41055280333277827
80700	8.156390902379513	0.4087826094408145
80800	8.138526419445872	0.4104280564063354
80900	8.120537324590325	0.40754709250625526
81000	8.102562699701428	0.40882483099612243
81100	8.08450908167231	0.4081396180482311
81200	8.066540142579914	0.40650289748006196
81300	8.048622148691654	0.40965466654027693
81400	8.03050950548017	0.40757052603783267
81500	8.012530212469102	0.4106489173616424
81600	7.994404139284134	0.40762140804866576
81700	7.976224734465957	0.4081739658229756
81800	7.958024391445995	0.4088264289667022
81900	7.939735504259348	0.4078378691763248
82000	7.921294219417334	0.41043637842502234
82100	7.90294863494134	0.40779951954787635
82200	7.8846161704237465	0.40959993666073063
82300	7.8664071138930325	0.40783916422747135
82400	7.848012870944261	0.40795896102426654
82500	7.829559854147196	0.4076176418964543
82600	7.810763764700532	0.4085158524939614
82700	7.785671573577285	0.41981272483988574
82800	7.760458126146435	0.4171388881324788
82900	7.736258669900298	0.4160498626473584
83000	7.712576822046518	0.4148646507263184
83100	7.689003037921428	0.4151652541491065
83200	7.665297246890068	0.4131011198788155
83300	7.641475513456464	0.41234625219434934
83400	7.617669313729882	0.41210679440475484
83500	7.593590652599692	0.41439390054267633
83600	7.569400271294236	0.41328298448113837
83700	7.54501614198649	0.4145663009873598
83800	7.52055798942101	0.4130592594520828
83900	7.496126816470623	0.4124769732321174
84000	7.471583782418609	0.41136420348307473
84100	7.44702263183403	0.41265569923922074
84200	7.422253803737402	0.41108794257767484
84300	7.397526820833326	0.41158399893009634
84400	7.37274138339448	0.4129132878369299
84500	7.348170783604741	0.4132091739855775
84600	7.323615189159751	0.4108133678179269
84700	7.298893972911	0.41132920822235214
84800	7.274136491468072	0.4121652452705654
84900	7.249297257040262	0.41217669091441417
85000	7.224294890090823	0.41280580134554345
85100	7.199228186199307	0.41243621368483724
85200	7.174212869957566	0.4093117710437861
85300	7.1492743511046175	0.4131762695339349
85400	7.124216131445527	0.41097417010350173
85500	7.099098851484537	0.4132516765168735
85600	7.0740924052845235	0.4101431019737252
85700	7.048728113357186	0.4117365396182452
85800	7.023399871908903	0.41059708653816157
85900	6.9979390292719605	0.411588905701924
86000	6.97251258708167	0.4113185709595415
86100	6.947011522879362	0.4105605386678785
86200	6.921495612770438	0.41013665515846676
86300	6.895980973199129	0.4087669947942098
86400	6.87031058497715	0.4083712357812458
86500	6.844809919974566	0.40900843777921464
86600	6.8192304769769905	0.40982480481300015
86700	6.793521178570271	0.4114096912602892
86800	6.7675939173063036	0.4106057418291426
86900	6.741635032168746	0.4096218150497276
87000	6.715647991532445	0.4103052202323059
87100	6.689576639994383	0.4103984226695204
87200	6.66334552161789	0.41081426381801667
87300	6.636972896019697	0.40917790432552714
87400	6.610710292687178	0.4094722794831454
87500	6.584475397839427	0.4112586151636564
87600	6.556501197610021	0.4163523047314427
87700	6.520744039984464	0.41844289778626487
87800	6.485793434195638	0.4172308044501828
87900	6.451883218039989	0.4171392038464546
88000	6.418766138494849	0.4159565498256683
88100	6.385770682520747	0.4157348952116371
88200	6.352892396704435	0.4143174228727724
88300	6.32024590237546	0.41572951527998936
88400	6.287414205553651	0.41308003246509534
88500	6.254580425866723	0.4135703239811065
88600	6.2216358631061315	0.41401403405449605
88700	6.188702493481517	0.4140540289175492
88800	6.155596459383488	0.4145027699227818
88900	6.122681240979076	0.41455228149890894
89000	6.089589663148284	0.41305345149622075
89100	6.056310044478774	0.41399646408459134
89200	6.0231654086372854	0.41114077542559585
89300	5.990038888299823	0.41256397646604304
89400	5.9568881852562425	0.41299854004592224
89500	5.923849964780808	0.4127682057824748
89600	5.890704565829754	0.4110315840233836
89700	5.857365259153843	0.4113022718899441
89800	5.823962466188193	0.4131603020073892
89900	5.790643768098593	0.4110864664146373
90000	5.757102028102636	0.4115713430092085
90100	5.723418681379438	0.4132628121614111
90200	5.689794419349194	0.4108013602350488
90300	5.655911299263597	0.4112026088853591
90400	5.622065402392149	0.4125966001726676
90500	5.588143866273642	0.41284498679001436
90600	5.554267196888327	0.41117586334374384
90700	5.520369718879699	0.4112751701865533
90800	5.486363033524871	0.41169145625159786
90900	5.452499828989029	0.4114784823714484
91000	5.418552889385581	0.4125576693607472
91100	5.384693765920877	0.41184431719233444
91200	5.350675838396549	0.40994175210360634
91300	5.316550840265394	0.41041534211428116
91400	5.282408936337113	0.40943003706103376
91500	5.248201171583891	0.41154440100467726
91600	5.21391788605845	0.4112930251982269
91700	5.179597337654352	0.4138780120426357
91800	5.145301874284625	0.40976374323134057
91900	5.111072323907733	0.4112479226109664
92000	5.07674252101624	0.4113950602404636
92100	5.042487233818054	0.409693566116236
92200	5.0081138380271195	0.4092963510819074
92300	4.973625572774291	0.4117198026112917
92400	4.939115133115291	0.41103965775609685
92500	4.904670784331202	0.4107287108056289
92600	4.870231143066644	0.41073934730925243
92700	4.835623575489044	0.4107412600517273
92800	4.800990769387245	0.41015733141410216
92900	4.766238731643796	0.4093062829921155
93000	4.731577386490345	0.41010877476668123
93100	4.69667100130415	0.4087302480305729
93200	4.661673524120808	0.40985559781002295
93300	4.626674850881457	0.4098009878855485
93400	4.591662625375032	0.40885081579688526
93500	4.556523895251989	0.40997861293824556
93600	4.521255686161757	0.4093418953650527
93700	4.485725844275355	0.41207242792423154
93800	4.450234194694519	0.40783635268085877
93900	4.414559880869389	0.40927124945949217
94000	4.378926930485368	0.41208000235043124
94100	4.343274144463539	0.41019749108851367
94200	4.307718787270546	0.4098334214664264
94300	4.271892017002702	0.41026295218513814
94400	4.236027409807801	0.4105951418342826
94500	4.1999180904531475	0.41088983714580535
94600	4.163685833950996	0.41145140356978266
94700	4.127410119163871	0.40958725481366914
94800	4.091098812353134	0.41030729534691324
94900	4.05480567690599	0.4086875286739166
95000	4.018263719345689	0.4080447885598222
95100	3.981950674956322	0.41013580314917103
95200	3.9453564320106507	0.4104126810945876
95300	3.908744683339238	0.409976992329506
95400	3.8721072947083712	0.4083712163278081
95500	3.8354037759046555	0.4082604153700957
95600	3.7986247466851473	0.40770492641772516
95700	3.7618715926316977	0.40782026927383097
95800	3.72510023502028	0.40883395733644656
95900	3.6884300379281045	0.4091351722420398
96000	3.651755997656822	0.4090011311811712
96100	3.615140181825638	0.407427055955581
96200	3.578582825371623	0.40919529173720315
96300	3.5420896762341263	0.408065231581986
96400	3.505797920694113	0.4078270706409706
96500	3.4696749076963664	0.40722401071334813
96600	3.4338026624149083	0.4076675740856366
96700	3.3980132402346133	0.4078586396261688
96800	3.362466666345954	0.4071246942580549
96900	3.3271716850286723	0.40827831905911777
97000	3.2921270528063773	0.4070800363857043
97100	3.257538424482465	0.4073278008209121
97200	3.2239713570507766	0.40623863242616587
97300	3.191890952965379	0.4082022904470842
97400	3.1614845919433834	0.4074724382833245
97500	3.132603492089152	0.40649223809580565
97600	3.105288145234227	0.40600230862178316
97700	3.0794033443802595	0.40670237599136666
97800	3.0548732220541237	0.4054357559202199
97900	3.031495245544672	0.4065695257500765
98000	3.009164949903488	0.4074254810572935
98100	2.988133824234009	0.4047001500977129
98200	2.96788386871171	0.4052883516572198
98300	2.948318894911766	0.4060612754632305
98400	2.92940318157208	0.4040994394156668
98500	2.911263670533657	0.4050732585081928
98600	2.893667214739442	0.40423944356410124
98700	2.876500519723773	0.40676219352766085
98800	2.8599285032821893	0.40365383749729705
98900	2.8437883330535887	0.40632685135853913
99000	2.8282095302004815	0.4041112068766041
99100	2.812989396936059	0.40469628979500966
99200	2.797962918732643	0.4042166061767924
99300	2.783143733439803	0.4045643678878549
99400	2.76869480837059	0.4044825212457987
99500	2.754430859287262	0.40489963757274033
99600	2.7403931252356766	0.4032293422293912
99700	2.726618387165785	0.40380669821307297
99800	2.71314227199471	0.40413426008099823
99900	2.6999301552126407	0.40281826833494344
100000	2.68691741097188	0.40458482121829886
100100	2.674161903637409	0.4022952762623032
100200	2.661510252547145	0.4026597439777106
100300	2.6489481720597743	0.4027932942379266
100400	2.636563677155256	0.4032488516454274
100500	2.624456977743864	0.40261221016601967
100600	2.6125335726940633	0.40221359715797006
100700	2.6009415608867408	0.4038112823070258
100800	2.589691196422696	0.40429208386253995
100900	2.578576463024974	0.40443460797334646
101000	2.567780134414315	0.4047717489515032
101100	2.5569680329515934	0.4036154490322261
101200	2.5464561279205085	0.4022596092502792
101300	2.5362033475118877	0.40191841256308863
101400	2.5258932195402384	0.4035147503908578
101500	2.51572613159585	0.40347290258903007
101600	2.505475311856866	0.40277850387470576
101700	2.4952428353990315	0.40475384246669077
101800	2.48528748933661	0.40372396349597683
101900	2.475460911419153	0.40404862926164026
102000	2.465782333180189	0.402420194184533
102100	2.4560597404294016	0.4034313179977199
102200	2.4464656124949453	0.4033829410304677
102300	2.437178952373624	0.40500562716208066
102400	2.427976914736867	0.4020924320131617
102500	2.4186478767585755	0.4024879551241474
102600	2.409310360675931	0.4023661832963266
102700	2.400025324698806	0.40344842179359924
102800	2.3908843045532704	0.4040691837898849
102900	2.381924529036522	0.40228570297974897
103000	2.373056460370779	0.4031176660325109
103100	2.3641771342331173	0.40357720755366244
103200	2.3552766736836435	0.4032245976595201
103300	2.3464963784810307	0.4026539053944406
103400	2.3378342468721867	0.4025287413184988
103500	2.3293370367863178	0.4017885519508821
103600	2.320727960152507	0.40395728970091616
103700	2.3122262396615745	0.40256556520669096
103800	2.303866699066043	0.40291948449413745
103900	2.2955394382567404	0.4033998707169013
104000	2.287404449606061	0.40336891535293706
104100	2.279353871688366	0.402166766895036
104200	2.271325081344962	0.4035636768030481
104300	2.2632188322800397	0.40273667357253784
104400	2.2551888231887816	0.4035331856839511
104500	2.246997124172926	0.40293388511909517
104600	2.2387887027958633	0.403399575386837
104700	2.2307660127254723	0.4018101581332035
104800	2.2228744249857666	0.4026902567718472
104900	2.2150575403201582	0.40394629316627223
105000	2.206972999281764	0.4038909210958554
105100	2.198872573211074	0.4016701050387084
105200	2.1906716584563255	0.40351484960878775
105300	2.1825232932809593	0.40279678097998084
105400	2.174359958600402	0.40344654110901257
105500	2.1663336638629436	0.40386689731376707
105600	2.1584475437356234	0.40242230667814105
105700	2.1507821125450133	0.4029477998859831
105800	2.1432737593141793	0.40134575093848796
105900	2.1356818377058504	0.40278651623147177
106000	2.1281521973946096	0.40248094674463225
106100	2.1207358221980335	0.4027554225966786
106200	2.113449216201186	0.4033801989723938
106300	2.1061392299124004	0.40133201920173384
106400	2.099005574818015	0.40244354682438305
106500	2.092011252640843	0.4036948568592168
106600	2.0851161006165744	0.4019901150254288
106700	2.0782101908006667	0.40264779267588047
106800	2.0713656979882717	0.4026852239036199
106900	2.064595336374879	0.40269036185546003
107000	2.0579243482040166	0.4021739593896108
107100	2.0513595039763453	0.40236291926715895
107200	2.0447885031059982	0.40373722784606386
107300	2.0384065477489233	0.400916385267301
107400	2.0319994146337508	0.40402212605951415
107500	2.0256130866125823	0.40366976869947063
107600	2.019210284686327	0.40180892256820727
107700	2.0127926256164312	0.4012302618754569
107800	2.0065197330020665	0.4015435220982561
107900	2.000168215135574	0.40297672682671093
108000	1.993866172212839	0.4028201226987432
108100	1.9876820271230935	0.4023412245002823
108200	1.9815309375181198	0.4033684904476506
108300	1.9753625819243192	0.40323240600488897
108400	1.9691387786780596	0.4037895581755207
108500	1.9630675168836116	0.40315312415211646
108600	1.9569554252423047	0.40260572583980897
108700	1.9507124003611802	0.40314720352390904
108800	1.9445165219175815	0.40409497544543826
108900	1.9383366078591346	0.4027055118401446
109000	1.9321287189391851	0.4018069554900884
109100	1.9260109118903876	0.40339275639658445
109200	1.9199944838261604	0.40266455669175727
109300	1.9140329309424162	0.4040479821422917
109400	1.9081665845314264	0.4019896014346981
109500	1.9023737890831232	0.4022207304480085
109600	1.8965802294892073	0.40373954377078775
109700	1.8908056649971008	0.4019064349264728
109800	1.884972679480791	0.4014476486017232
109900	1.8792610376890897	0.40111872227418993
110000	1.87360402053535	0.40173348655975555
110100	1.867915804800272	0.40442425948485994
110200	1.8622718629739285	0.4023103663858693
110300	1.8566545124328135	0.4032927368698789
110400	1.8510483117759229	0.40276998294906713
110500	1.845603069585085	0.40183618402152843
110600	1.8402925860209465	0.40218871170200304
110700	1.8349569527463914	0.4021135976153411
110800	1.8295387039033175	0.4034727673828602
110900	1.8240782228182555	0.4019863991595026
111000	1.8185319162851572	0.4030783697443815
111100	1.8129963712435961	0.4013886768871279
111200	1.807483334817171	0.40261146254207364
111300	1.8020606845743656	0.40307500267503277
111400	1.7967242879471779	0.40283554705666075
111500	1.7913560476247072	0.4033624841781877
111600	1.7860388837598562	0.40287004481931654
111700	1.7807716534668208	0.40163942151928544
111800	1.7755039439768792	0.40116076467940526
111900	1.7702943869383334	0.40224141832464233
112000	1.7650849199461938	0.4017483652600591
112100	1.7599512211562396	0.4016873432094266
112200	1.754663892290473	0.40365895664425705
112300	1.7494763358528613	0.40353117286419454
112400	1.7441697942359446	0.40224512334053336
112500	1.7388628015776872	0.4030019906299856
112600	1.7335134506281615	0.4038373992124012
112700	1.7282422306689025	0.40223612593304564
112800	1.7229594217487574	0.40283671544386995
112900	1.7177654891482592	0.4023429113102078
113000	1.712645980152726	0.40213255226390515
113100	1.7075553541020154	0.4019630201465578
113200	1.7022610323945284	0.40284405907586013
113300	1.6969718195040226	0.40181246579358126
113400	1.6916468992655278	0.4018924932152328
113500	1.6862552835936546	0.4015847489385322
113600	1.6808375547668934	0.4031395467938763
113700	1.6755770793106557	0.4028887552347514
113800	1.6703703940730095	0.4034415336528627
113900	1.665182559791565	0.4030239833463537
114000	1.6600781362956762	0.40267017437975006
114100	1.6549645439110994	0.40232230396849095
114200	1.6498388987205028	0.40198915064408547
114300	1.644788318038106	0.40348911254456077
114400	1.6397589424583912	0.4035910168522221
114500	1.6346480847978593	0.4017580399701858
114600	1.6296067922369242	0.40253244996512927
114700	1.624548035904646	0.4016082540136038
114800	1.6194773597421646	0.4029576524447452
114900	1.6144012204436065	0.4017537303849115
115000	1.609402071299076	0.4025182446064773
115100	1.6045571742675304	0.40197377318812655
115200	1.5997287462141514	0.4013002852035363
115300	1.5949825243214368	0.4010136152649748
115400	1.5902469917346238	0.4012002756149311
115500	1.5855437573860884	0.4020278474941465
115600	1.580846336221695	0.40093830926538543
115700	1.5761539622528553	0.4019845718460623
115800	1.5715397425035238	0.4030080524284658
115900	1.5668602071479558	0.40167874534097997
116000	1.562170721533537	0.4031781538467895
116100	1.5574817479350567	0.40168158808375976
116200	1.5528105544242858	0.40137272553287284
116300	1.5480650455881357	0.4017612738910963
116400	1.5432189432537555	0.4014921942331495
116500	1.538340846921444	0.4024987962776727
116600	1.5333742874326706	0.4010537522241817
116700	1.5283951520519257	0.4022517304446544
116800	1.5235348393484354	0.4021332254386615
116900	1.5186728424389362	0.40236105789245985
117000	1.5138246249132157	0.40187168054708156
117100	1.5088648900718689	0.4017728655335391
117200	1.503789890015006	0.4027554259048198
117300	1.4987314739568234	0.4030056000697367
117400	1.493672509225607	0.40143699806776545
117500	1.4885644658868313	0.40210660135470794
117600	1.4834142647230626	0.40139710930688705
117700	1.4783290289142133	0.40201590202413817
117800	1.4733198754644394	0.40230319452894125
117900	1.4684359654083252	0.4015249385651233
118000	1.463614699102044	0.40206862486726896
118100	1.4587635990066528	0.4011697256985151
118200	1.4538929359986783	0.4034032788557676
118300	1.4490127528294325	0.4019737559636627
118400	1.444153191722989	0.4015195625593132
118500	1.4393126981214286	0.4030927624114374
118600	1.4345667588516473	0.40129894339009886
118700	1.4297495546200276	0.40209148527640187
118800	1.4248901111894845	0.4023447899525829
118900	1.420017374924898	0.40192629375550465
119000	1.4151717603719234	0.4010742945702948
119100	1.4103594577742815	0.40130760420570977
119200	1.4055538876874447	0.40152713597038103
119300	1.4007051443445682	0.40210725696958866
119400	1.395900524283886	0.40214046240577145
119500	1.391074359026432	0.4028993120604848
119600	1.3861787198164464	0.40183632340494946
119700	1.3811817845859529	0.4014079519928878
119800	1.3761603818056583	0.40137977185110274
119900	1.3711895000680685	0.4030581945057773
120000	1.3662307010067702	0.40303441699625947
120100	1.361248902422309	0.4018883938560509
120200	1.3562215975759029	0.4014684986359286
120300	1.351181231197834	0.4009185607361071
120400	1.3462174842430352	0.4007043316274809
120500	1.3413603874845506	0.4031851826943728
120600	1.3365624492092132	0.40169224947834936
120700	1.3317837241283654	0.4026494800037872
120800	1.3269608275184632	0.40289830485022216
120900	1.322042606840968	0.4023398332673011
121000	1.3171129364089966	0.4014257167544986
121100	1.3122985467977524	0.40226583364325286
121200	1.3074399084246158	0.4031321889311253
121300	1.3025846016813516	0.40192145550194375
121400	1.297639015741706	0.4019666723146008
121500	1.2926742803605795	0.40232313186353985
121600	1.28777641064322	0.4019783194394822
121700	1.2828880582847595	0.40144520905000947
121800	1.27798057681489	0.40141446023968097
121900	1.27312543556118	0.40004585368413453
122000	1.268315609073162	0.40160327827817727
122100	1.2634439777771234	0.4004993428376096
122200	1.2584268643406629	0.4025460659965591
122300	1.253243121622324	0.40263766491047615
122400	1.2480336203604936	0.40084817866390604
122500	1.2428176211034059	0.40328476769181915
122600	1.237718274142027	0.40079861610143813
122700	1.2327702699600458	0.40320356792577033
122800	1.227837976634741	0.4010368955444615
122900	1.2228911222257615	0.4018477729549116
123000	1.2179498908355235	0.4023474829567616
123100	1.2130947001458408	0.40368680936428064
123200	1.2082988937821388	0.4015793763285391
123300	1.2034259900556803	0.4028481701869425
123400	1.1985893712484836	0.40163755843018756
123500	1.1938184061883688	0.40124451782032233
123600	1.1890113881049156	0.40133754743704103
123700	1.1843281745390892	0.40101164029680797
123800	1.1796416632725	0.40271925014938426
123900	1.1749677612384557	0.40239334472919097
124000	1.1703620738236904	0.4014796548793959
124100	1.165709783234954	0.4024189053281036
124200	1.160998878984213	0.40283000621554144
124300	1.1562780123215914	0.40160134474717263
124400	1.1515097736121416	0.40246364331946655
124500	1.1467058327343465	0.4036890671673943
124600	1.1419051071654558	0.40199920417280754
124700	1.1371735826977492	0.4027851503526463
124800	1.1325080752317906	0.4001676586592141
124900	1.1279904108071328	0.40296583949890674
125000	1.123518011800766	0.40181767120870027
125100	1.1191145711541175	0.40238731583844595
125200	1.1146596157386304	0.40317578857976416
125300	1.1101863686833382	0.4020005343807261
125400	1.1057090286072493	0.40194664643629774
125500	1.1011684993247985	0.4021096291533668
125600	1.0964977124553918	0.4022123459844488
125700	1.0918024508953095	0.4014006925131733
125800	1.0870067796270848	0.4028954530459398
125900	1.0823546908192634	0.4014044801069197
126000	1.0778379979496002	0.40236098310282065
126100	1.0734212720906735	0.4027766105608708
126200	1.0689920548621417	0.4014439816828127
126300	1.0646759149438143	0.4035309635033762
126400	1.060553854947567	0.40098012234955405
126500	1.0563016009448767	0.4041345833011367
126600	1.0521101421324015	0.400777115743375
126700	1.0480108039928675	0.4009201284377806
126800	1.0439739452835322	0.4018980633309186
126900	1.040105836697936	0.40206395261878264
127000	1.0363843835283517	0.40351164540566437
127100	1.0328284942142962	0.4013572273519608
127200	1.0293128183344602	0.40290537652209263
127300	1.025846354515791	0.4018077754782974
127400	1.0224092003186942	0.4019805752345494
127500	1.0190396089708804	0.4011743463243757
127600	1.0157663452289105	0.40268782109158224
127700	1.0125316044598818	0.40212840437889097
127800	1.0094219527372121	0.4011692596881936
127900	1.0063329641373158	0.40258534214923425
128000	1.0033150186332465	0.4021190682661846
128100	1.0006462173657418	0.4032098110004869
128200	0.9985499655470849	0.4022460322988332
128300	0.99700214552176	0.40127736293373456
128400	0.9959002316644192	0.4011070779963887
128500	0.9952020623435974	0.4025092126364589
128600	0.9948387592861653	0.40189514729047965
128700	0.9947098897641897	0.4023104906489011
128800	0.9947142065811158	0.40107069203335544
128900	0.9947168636785746	0.4004194828769589
129000	0.9947057601686716	0.4020251294112721
129100	0.9947049261709452	0.4024953851713376
129200	0.9947089897378683	0.4006648204611107
129300	0.9947049467625618	0.4017512968047099
129400	0.9947044947851896	0.40083640388273356
129500	0.9947044949792624	0.40097608652206884
129600	0.9947062453434468	0.40139085596319496
129700	0.9946956527936459	0.40122509973119447
