0	0.0
100	2.664463148044888
200	5.281004742486402
300	7.831574257230386
400	10.391998796432745
500	12.938607087475248
600	15.401072158128954
700	17.813216911337804
800	20.145302189455833
900	22.56849034037441
1000	25.146578248182777
1100	27.761396305344533
1200	30.39974666526541
1300	32.9910971839563
1400	35.59035867184866
1500	38.198327584250364
1600	40.788383584993426
1700	43.47605168877635
1800	46.26491454709321
1900	49.10544581274735
2000	51.96262323349947
2100	54.76465529628331
2200	57.510627319221385
2300	60.314731414604466
2400	63.009833910677116
2500	65.73418066382874
2600	68.37339091580361
2700	71.06560927571263
2800	73.7924832078279
2900	76.5002600508742
3000	79.2730773454532
3100	81.99402609770186
3200	84.67009794112528
3300	87.32399943307973
3400	89.97363646858139
3500	92.64248319499893
3600	95.21083363518119
3700	97.89559653779725
3800	100.66634338360745
3900	103.42789880966302
4000	106.29960845084861
4100	109.14733965060441
4200	111.9887918465538
4300	114.90583755890839
4400	117.89595600566827
4500	120.84078500210308
4600	123.89953504718142
4700	126.97267035825644
4800	130.170074816735
4900	133.43740502843866
5000	136.61402320559137
5100	139.86723348143278
5200	143.155216026993
5300	146.42388539697276
5400	149.76120604621246
5500	153.11206740071066
5600	156.47615432267776
5700	159.80165039224084
5800	163.02579670707928
5900	166.3926148605533
6000	169.77455145446584
6100	173.10372626187745
6200	176.49082388723036
6300	179.91187731380342
6400	183.23718325042864
6500	186.49096164351795
6600	189.83564508426934
6700	193.1402352534351
6800	196.49493971839547
6900	199.84756741992896
7000	203.25461171212373
7100	206.7370012436295
7200	210.21718313731253
7300	213.67554797953926
7400	217.01858589763287
7500	220.50213480350794
7600	224.05761166865705
7700	227.6736511377967
7800	231.311558164889
7900	235.13717439764878
8000	238.8579684360302
8100	242.61739864666015
8200	246.50091810710728
8300	250.34748260834021
8400	254.22520007251296
8500	258.0853507951251
8600	262.01362433924805
8700	265.90756479027914
8800	269.89533464383567
8900	273.9430507188663
9000	277.9974917139043
9100	281.9064563991269
9200	285.79868544696365
9300	289.7593727884814
9400	293.792085256835
9500	297.7528518894105
9600	301.73782570206095
9700	305.74876542924903
9800	309.81554352800595
9900	313.88503499806393
10000	317.9021070448798
10100	321.91501259448705
10200	325.9257145267329
10300	329.89648626639973
10400	333.9380020115059
10500	337.8696007740218
10600	341.79323619243223
10700	345.64237312809564
10800	349.51858740928583
10900	353.40196080558235
11000	357.2592221951345
11100	361.0429701702669
11200	364.84737579198554
11300	368.7504384923377
11400	372.64213155477773
11500	376.52485272835474
11600	380.420363665733
11700	384.3950053171138
11800	388.492130463128
11900	392.61839095986215
12000	396.75483639363665
12100	400.86345349776093
12200	405.1264326907112
12300	409.4517559587257
12400	413.726206273539
12500	417.99212929286296
12600	422.17811400810024
12700	426.347104341432
12800	430.4832849780214
12900	434.5958412170876
13000	438.5817073042854
13100	442.60280238249106
13200	446.6043670970248
13300	450.6897733475198
13400	454.8242237584782
13500	458.9103459183825
13600	462.99177750758827
13700	466.83125173387816
13800	470.722223183373
13900	474.5281404389534
14000	478.33700923243305
14100	482.20891740883235
14200	486.059411850234
14300	489.78967594582355
14400	493.5757726338343
14500	497.3208287077141
14600	501.06769981002435
14700	504.7583168760757
14800	508.43929072341416
14900	512.0709143080167
15000	515.6926426809514
15100	519.382832721225
15200	522.875774816901
15300	526.3372219804442
15400	529.9255774175399
15500	533.4068770133308
15600	536.9226749133086
15700	540.4732968822937
15800	544.2428038339713
15900	548.038721912948
16000	551.7903429895523
16100	555.5664797541103
16200	559.5393041006173
16300	563.4635589660029
16400	567.624699794047
16500	571.7905029710964
16600	575.871488689445
16700	579.9669813323417
16800	583.9822676946642
16900	588.0080062788911
17000	591.8116531058913
17100	595.61542337219
17200	599.4513708603918
17300	603.2954556825571
17400	607.1333321406273
17500	610.9967235013028
17600	614.8426122258534
17700	618.6640170826577
17800	622.5189381056698
17900	626.2356336037628
18000	629.9092546437168
18100	633.6131157602067
18200	637.3222489251057
18300	640.927068165387
18400	644.60111592256
18500	648.2298260101234
18600	651.8444571855944
18700	655.4032864410547
18800	658.9110962111736
18900	662.3016357887536
19000	665.6330495320726
19100	668.9659752064617
19200	672.3461473956122
19300	675.7962614832795
19400	679.13413710444
19500	682.2158357444569
19600	685.219130301848
19700	688.2019844857277
19800	691.0139459985658
19900	694.0295785806375
20000	697.1245431679417
20100	700.3922504878719
20200	703.4817419826868
20300	706.6648332237964
20400	709.8683332633227
20500	713.0532262285124
20600	716.152795493952
20700	719.3078759650816
20800	722.559746636427
20900	725.82413814764
21000	729.0314523811103
21100	732.1306354348781
21200	735.2277333975071
21300	738.1893158709863
21400	741.1822658752208
21500	744.1807014400256
21600	747.1429516014759
21700	749.982673504448
21800	752.8038684126805
21900	755.6338759086211
22000	758.2672031389666
22100	760.9828398191603
22200	763.6960920668789
22300	766.447599805193
22400	769.18785178283
22500	771.9013037963305
22600	774.7253754386911
22700	777.516879511415
22800	780.3208616029588
22900	783.0637867601472
23000	785.9540376036311
23100	788.8867064503138
23200	791.8310347481747
23300	794.6521787422244
23400	797.6239297727589
23500	800.4914719178341
23600	803.3400532160304
23700	806.2200350461644
23800	809.2021283673239
23900	812.2324935236829
24000	815.3124937491375
24100	818.4170859884471
24200	821.420955386071
24300	824.5598158781067
24400	827.7169752308982
24500	830.9331331279245
24600	834.1684244916542
24700	837.4183403032948
24800	840.6445791202132
24900	843.8815004770295
25000	847.2320876284502
25100	850.632884242048
25200	854.0063773503643
25300	857.4126374864136
25400	860.6728990232223
25500	863.9553788428893
25600	867.2678449912346
25700	870.4903941739467
25800	873.7609378852649
25900	876.8359432491707
26000	879.9341666317778
26100	883.1087966850027
26200	886.2593581433757
26300	889.5828268923797
26400	892.8907139036455
26500	896.2353047507931
26600	899.6743672285229
26700	902.9126340267248
26800	906.0726990617695
26900	909.2195151562919
27000	912.3770113369101
27100	915.6045842110761
27200	918.9667123325053
27300	922.2521141910693
27400	925.5423474386334
27500	928.9220003033406
27600	932.2179331498337
27700	935.4456026883563
27800	938.6807905128226
27900	941.9511541704414
28000	945.0730712335207
28100	948.1890716169728
28200	951.3005674401065
28300	954.3546310026431
28400	957.477939942677
28500	960.6071210135124
28600	963.7589363626321
28700	966.7713281770702
28800	969.8753116066218
28900	973.149020350189
29000	976.4524000063539
29100	979.6654798556119
29200	982.862911897304
29300	986.2275256126886
29400	989.441229102842
29500	992.6167859416455
29600	995.8353550318279
29700	999.0597586416989
29800	1002.2761929521803
29900	1005.4838099574554
30000	1008.8673115260899
30100	1012.3104251062614
30200	1015.5840549687855
30300	1018.7026986655546
30400	1021.9346909833839
30500	1025.1178023652174
30600	1028.2936487278203
30700	1031.5150554638822
30800	1034.7424814578262
30900	1037.9578435698058
31000	1041.1235857128631
31100	1044.35904540075
31200	1047.544171302754
31300	1050.6927691571182
31400	1053.946770561859
31500	1057.1738139558001
31600	1060.3714989778236
31700	1063.5603835861548
31800	1066.7421447825036
31900	1069.9426874151686
32000	1073.2060533922631
32100	1076.5642512309714
32200	1079.850441296643
32300	1083.057596864528
32400	1086.2485691289767
32500	1089.528032647504
32600	1092.739946931717
32700	1095.894008746487
32800	1099.0553731414839
32900	1102.1619875731412
33000	1105.4384585544467
33100	1108.5857704413938
33200	1111.4963919757865
33300	1114.3995070282253
33400	1117.3139607271296
33500	1120.393513069197
33600	1123.5204043965787
33700	1126.5129563525552
33800	1129.330433080322
33900	1132.0958399279043
34000	1135.1373227334116
34100	1138.1543330877903
34200	1141.0068195892964
34300	1143.9456920777448
34400	1146.8413633793243
34500	1149.5417872195248
34600	1152.1966659647878
34700	1154.8643923741765
34800	1157.5169806577615
34900	1160.1560849362868
35000	1162.8182470087777
35100	1165.486050190928
35200	1168.132128725876
35300	1170.7876191652613
35400	1173.3095690751798
35500	1175.8065985892317
35600	1178.3979073838564
35700	1180.9382293456001
35800	1183.4307773509645
35900	1185.9763972879155
36000	1188.7346437647357
36100	1191.497637408087
36200	1194.3301391524728
36300	1197.262661653047
36400	1200.1372851807391
36500	1203.1366791486507
36600	1206.1057644471293
36700	1209.0268119453103
36800	1211.9430791487684
36900	1215.0199470841908
37000	1218.0973145239986
37100	1221.429883269826
37200	1224.7823525615968
37300	1227.9383383291424
37400	1231.0396850749967
37500	1234.1013220939203
37600	1237.2171129049966
37700	1240.3695841613226
37800	1243.6654045635369
37900	1246.9558355545742
38000	1250.2449947040295
38100	1253.5142469836283
38200	1256.7535201884457
38300	1260.0646895433892
38400	1263.4944304757519
38500	1267.109638934955
38600	1270.7883393455413
38700	1274.6778948649298
38800	1278.6072408875916
38900	1282.4801303446875
39000	1286.3995623545488
39100	1290.3001079870155
39200	1294.1653136720997
39300	1298.0639647514909
39400	1301.813747155189
39500	1305.4316884131986
39600	1309.08433677227
39700	1312.75520663918
39800	1316.3653988751466
39900	1319.9712999588228
40000	1323.5197196716326
40100	1327.164064688317
40200	1330.8817160368199
40300	1334.5762048215256
40400	1338.232258218748
40500	1341.952610219887
40600	1345.609264840372
40700	1349.3386451810366
40800	1353.0248305393616
40900	1356.749054945889
41000	1360.4970965238172
41100	1364.122364864801
41200	1367.701649466937
41300	1371.20025243907
41400	1374.6595871072495
41500	1377.9913928877795
41600	1381.420787772513
41700	1384.9843959787395
41800	1388.647266128799
41900	1392.2881922036177
42000	1395.903112789034
42100	1399.615666148602
42200	1403.3021557260654
42300	1406.9592059201677
42400	1410.6836754442193
42500	1414.3015974802547
42600	1418.01524861675
42700	1421.9468180806143
42800	1425.9696708387928
42900	1430.1706873084768
43000	1434.5019448741805
43100	1438.73837811884
43200	1442.8625205776189
43300	1446.9646683926694
43400	1450.9790340113104
43500	1454.998971597699
43600	1459.1206278224709
43700	1463.2540772405919
43800	1467.4695132186753
43900	1471.58109671087
44000	1475.6078588022501
44100	1479.5868558533257
44200	1483.54331660131
44300	1487.7306430030148
44400	1491.7601949207601
44500	1495.899997400993
44600	1500.294656339218
44700	1504.7799525756855
44800	1509.1270284286002
44900	1513.4175049457117
45000	1517.5735304370173
45100	1521.647496344638
45200	1525.8255420830683
45300	1530.0372539121308
45400	1534.1790087652626
45500	1538.4094878669712
45600	1542.5715817349264
45700	1546.7397455196478
45800	1550.9854723596945
45900	1555.3023166183266
46000	1559.468019655149
46100	1563.9679657272063
46200	1568.5756679735496
46300	1573.1185522976448
46400	1577.4759118779912
46500	1582.0285410318756
46600	1586.4749300285475
46700	1590.9152390576783
46800	1595.6376436322462
46900	1600.2013793500373
47000	1604.8740446096053
47100	1609.443342168117
47200	1613.9939768586191
47300	1618.4931809558184
47400	1622.900321955327
47500	1627.391212987015
47600	1631.877108870307
47700	1636.4445154817076
47800	1640.7521434415248
47900	1644.8902615777333
48000	1649.065555880894
48100	1653.2660258040414
48200	1657.470723277831
48300	1661.8022503721877
48400	1666.2218225533143
48500	1670.7567585831275
48600	1675.192861742631
48700	1679.5719895037473
48800	1683.9110407916596
48900	1688.4319815373747
49000	1692.9409553167643
49100	1697.4766633481486
49200	1701.948424808972
49300	1706.344798003207
49400	1710.676750518207
49500	1715.0553726195358
49600	1719.3900071523967
49700	1723.7299255550024
49800	1728.0007585411076
49900	1732.2791605422972
50000	1736.6701870642719
50100	1741.0981526690302
50200	1745.6028102246928
50300	1749.9853131083655
50400	1754.3307695992407
50500	1758.588440591935
50600	1763.031446278037
50700	1767.603676537692
50800	1772.218181266042
50900	1776.8344510367024
51000	1781.2971686818055
51100	1785.5943672670983
51200	1789.7367731056875
51300	1793.7696691480232
51400	1797.872827816056
51500	1801.955955930811
51600	1806.217036133923
51700	1810.7675802796148
51800	1815.2881517811911
51900	1820.0139785737847
52000	1824.8698342452408
52100	1829.6035362082766
52200	1834.156468086876
52300	1838.8747728003073
52400	1843.5799607299268
52500	1848.237290486868
52600	1853.022051451262
52700	1857.8547638160526
52800	1862.560470430646
52900	1867.2345099367667
53000	1871.957714465505
53100	1876.5975758737186
53200	1881.1983075376484
53300	1885.8306824354222
53400	1890.3754897939507
53500	1895.0469502061605
53600	1899.7259487663978
53700	1904.3848425830365
53800	1909.0429309074534
53900	1913.7761113058077
54000	1918.431670256774
54100	1922.8588616467896
54200	1927.3176059893449
54300	1931.8330635909224
54400	1936.2145720727276
54500	1940.58808382781
54600	1945.014025752549
54700	1949.170084220881
54800	1953.2009361862438
54900	1957.2128257511067
55000	1961.4122516765492
55100	1965.4465766224894
55200	1969.526862424682
55300	1973.6588920563227
55400	1977.7776046210784
55500	1981.9572476724861
55600	1986.0323354575667
55700	1990.0580662552966
55800	1994.2464259742992
55900	1998.4643930476159
56000	2003.0334190722788
56100	2007.4346630270593
56200	2011.8047246289789
56300	2016.281088007905
56400	2020.909610145085
56500	2025.5149339369382
56600	2030.1113720127614
56700	2034.6403165158117
56800	2038.9867037790245
56900	2043.2125346024404
57000	2047.5004321450833
57100	2051.705631961697
57200	2055.80467017513
57300	2059.6485912849894
57400	2063.479418904695
57500	2067.254906864604
57600	2070.9753315967973
57700	2074.863312261703
57800	2078.681376854831
57900	2082.340707436786
58000	2085.7969027129584
58100	2089.1575519601465
58200	2092.6183003764017
58300	2095.993331880658
58400	2099.396347417729
58500	2102.8568644452025
58600	2106.122166228364
58700	2109.3192020836286
58800	2112.517895142024
58900	2115.7161480302457
59000	2118.8460864598164
59100	2122.171867408091
59200	2125.6131825055345
59300	2128.7456615936826
59400	2131.6852830192074
59500	2134.535354033578
59600	2137.1829940846656
59700	2139.6632098748814
59800	2142.258656947408
59900	2144.872874325956
60000	2147.4428381654434
60100	2149.9988044826314
60200	2152.6883265268407
60300	2155.5525723448372
60400	2158.5148660176783
60500	2161.435361313459
60600	2164.1034319809987
60700	2167.0533347130986
60800	2170.2300377661595
60900	2173.2968525053584
61000	2176.332000074268
61100	2179.236363441334
61200	2181.9913502864656
61300	2184.5840223711566
61400	2187.2176091330475
61500	2189.600680917094
61600	2192.052449667186
61700	2194.658874316374
61800	2197.295602279599
61900	2199.76715468202
62000	2202.0926461754716
62100	2204.33312207117
62200	2206.58924056642
62300	2208.7070642290637
62400	2210.885874493106
62500	2213.106137387571
62600	2215.2334822757985
62700	2217.084616565553
62800	2219.101055478852
62900	2221.2314730515936
63000	2223.5265527758165
63100	2225.718312375946
63200	2227.7706858700258
63300	2229.9413804066135
63400	2232.0329999771784
63500	2234.1522744829417
63600	2236.2292974814773
63700	2238.174312596908
63800	2240.396458170435
63900	2242.758372017648
64000	2245.0946428833995
64100	2247.50539993681
64200	2249.8579156684573
64300	2252.385049869481
64400	2254.8294906634255
64500	2257.4319099026616
64600	2260.094461110886
64700	2262.7906918217195
64800	2265.5178983860533
64900	2268.324047255446
65000	2271.2245846068836
65100	2274.1103719966486
65200	2277.0228625941672
65300	2280.003980694397
65400	2282.8017851291224
65500	2285.7302245048922
65600	2288.811851012637
65700	2291.965030224528
65800	2294.8796834509703
65900	2297.9089645169443
66000	2300.9334322962677
66100	2304.120220022043
66200	2307.1624319858965
66300	2310.3943384161685
66400	2313.552754548262
66500	2316.5647352763917
66600	2319.5051971920184
66700	2322.321333960106
66800	2325.210361069534
66900	2328.166167423944
67000	2331.1928595504723
67100	2334.386066842533
67200	2337.5376890354673
67300	2340.888978150033
67400	2344.501344158547
67500	2348.2342074909247
67600	2352.1732943538227
67700	2356.1487766699283
67800	2360.12131843064
67900	2364.189928364707
68000	2368.215685855772
68100	2372.228601565119
68200	2376.182613208599
68300	2380.3949199024355
68400	2384.520789136295
68500	2388.595274374995
68600	2392.604595141718
68700	2396.673033043102
68800	2400.8495161785395
68900	2405.143666400516
69000	2409.538814062311
69100	2413.965541966434
69200	2418.564235639933
69300	2422.9729555398226
69400	2427.1201763526187
69500	2431.357150616008
69600	2435.550695586833
69700	2440.005899443815
69800	2444.50879763416
69900	2449.0599074483034
70000	2453.5092983305804
70100	2457.8615635699825
70200	2462.209540142445
70300	2466.4602817698615
70400	2470.717331721913
70500	2474.9208485360723
70600	2479.372519881639
70700	2484.075220795523
70800	2488.6587028760114
70900	2493.139028749778
71000	2497.6789350725594
71100	2502.0421162619605
71200	2506.1417421935475
71300	2510.292485492013
71400	2514.5393108674907
71500	2518.6660500124563
71600	2522.7874353419174
71700	2527.0914896067698
71800	2531.4444277453003
71900	2535.823250429763
72000	2540.3464546487085
72100	2544.9540796916117
72200	2549.8491931605386
72300	2554.9120129422517
72400	2560.017166232923
72500	2565.1511216357467
72600	2570.4071605667123
72700	2575.8367507136427
72800	2581.0394443999976
72900	2586.296728472167
73000	2591.569791057904
73100	2596.917998461169
73200	2602.2171592301456
73300	2607.381594480423
73400	2612.482360910508
73500	2617.6847937327693
73600	2622.814024142106
73700	2628.0349738238147
73800	2633.2429376855143
73900	2638.3506771129905
74000	2643.6173407589667
74100	2649.169512796565
74200	2654.4369605518878
74300	2659.4724699255894
74400	2664.557919149054
74500	2669.752106028667
74600	2675.0896741997567
74700	2680.221967438003
74800	2685.570763903612
74900	2690.8826176709263
75000	2696.2147080143914
75100	2701.273546041455
75200	2706.3040674037766
75300	2711.3944091990707
75400	2716.5168527803617
75500	2721.7058981445734
75600	2727.0002208515652
75700	2732.4374962777365
75800	2737.5786709626555
75900	2742.728776048636
76000	2747.7318523291615
76100	2752.6588260904537
76200	2757.53972429235
76300	2762.4567103312584
76400	2767.7150364458794
76500	2772.990995728178
76600	2778.5610375249526
76700	2784.191931749345
76800	2789.836459488317
76900	2795.309424313309
77000	2800.45869746845
77100	2805.6986802265747
77200	2811.0447782634874
77300	2816.395711122488
77400	2821.6087568501243
77500	2826.8630252642324
77600	2832.102324756619
77700	2837.223435746506
77800	2842.2234693012433
77900	2847.020418807806
78000	2851.8003637868096
78100	2856.7055511467042
78200	2861.804013054294
78300	2867.0731086108717
78400	2872.3621965240454
78500	2877.504262598348
78600	2882.4220696890843
78700	2887.207707368827
78800	2892.0972838696907
78900	2897.020824760257
79000	2901.8594816753175
79100	2906.858206347795
79200	2911.993124826171
79300	2917.235148856882
79400	2922.7920175851323
79500	2928.3719498727005
79600	2933.7952377258916
79700	2939.48306836182
79800	2944.908825853665
79900	2950.049569474999
80000	2955.339482580952
80100	2960.765052035742
80200	2966.266649031837
80300	2971.496605929802
80400	2976.657108077372
80500	2981.8192659539054
80600	2987.1188129602233
80700	2992.5325705895084
80800	2997.807454755937
80900	3002.9258752655587
81000	3007.997981577879
81100	3012.7688768047374
81200	3017.380498841463
81300	3021.959929765726
81400	3026.862954906537
81500	3031.805759814335
81600	3036.7565103804227
81700	3041.503954976448
81800	3046.1519065040047
81900	3050.724901081645
82000	3055.267328279151
82100	3059.751276392897
82200	3064.3328295940883
82300	3068.8601319455775
82400	3073.1528673855937
82500	3077.414064698969
82600	3081.857024917961
82700	3086.140865400317
82800	3090.0245311521576
82900	3093.915101850056
83000	3097.921340636851
83100	3101.750410296954
83200	3105.5507690901286
83300	3109.3127761933138
83400	3113.015272409655
83500	3116.6459692564094
83600	3120.093210562365
83700	3123.605677355954
83800	3127.216737018025
83900	3131.0887598887202
84000	3134.6661251826445
84100	3138.3412251197733
84200	3141.861676302331
84300	3145.4112460428732
84400	3148.8370811273344
84500	3152.3105776976445
84600	3156.032220712863
84700	3159.902565101045
84800	3163.9231284449343
84900	3167.8708809179952
85000	3171.8431693931343
85100	3175.5547123262077
85200	3179.5674403455923
85300	3183.363113887317
85400	3187.1557172823814
85500	3190.840225382126
85600	3194.5435132303974
85700	3197.9267752207816
85800	3201.3967709447024
85900	3205.099145641143
86000	3208.5843843742623
86100	3211.9849915398518
86200	3215.3400744371465
86300	3218.7300890297047
86400	3222.17568420124
86500	3225.49557151302
86600	3228.853121656459
86700	3232.1447648407193
86800	3235.6078953261604
86900	3239.1658914815634
87000	3242.4710084957187
87100	3245.7968923987355
87200	3249.7266168062342
87300	3253.4513904937194
87400	3256.9885714656557
87500	3260.4425152711337
87600	3263.9245924316347
87700	3267.323148983589
87800	3270.796107031463
87900	3274.118664617825
88000	3277.7572505208664
88100	3281.446174254059
88200	3285.2605315660476
88300	3289.0172674356727
88400	3292.85155272641
88500	3296.7386312359013
88600	3300.662058107031
88700	3304.6409369145986
88800	3308.711459304439
88900	3312.852246099559
89000	3316.9948755584774
89100	3320.8810794567107
89200	3324.6429979530512
89300	3328.332232148561
89400	3332.339060390892
89500	3336.5392952742986
89600	3340.36588063807
89700	3344.4390946304775
89800	3348.5541528147296
89900	3352.696199508442
90000	3356.767918239231
90100	3360.6732153539197
90200	3364.449058821425
90300	3368.3954615873517
90400	3372.6119607313885
90500	3376.8163819945185
90600	3380.917991849885
90700	3385.0505184402573
90800	3389.1438856545137
90900	3393.4147243089974
91000	3397.625441065873
91100	3402.1413405932253
91200	3406.6091651651077
91300	3411.2703175129136
91400	3415.48117544275
91500	3419.6574915754027
91600	3423.605435674137
91700	3427.696635517641
91800	3431.6304061453557
91900	3435.432556026324
92000	3439.2124458858743
92100	3443.102559449908
92200	3447.058967673802
92300	3451.122786608583
92400	3454.9928483930416
92500	3459.002986195672
92600	3463.125790760445
92700	3467.4806892688503
92800	3471.877049045812
92900	3476.116684630513
93000	3480.495922804519
93100	3485.188286683697
93200	3489.436543391843
93300	3493.737710558111
93400	3498.0907864572946
93500	3502.257876013173
93600	3506.526961414027
93700	3510.971179715416
93800	3514.7931413961924
93900	3518.658478657715
94000	3522.5770609370666
94100	3526.5907981932396
94200	3530.844013136637
94300	3534.796682937187
94400	3538.8034643827123
94500	3542.740493421268
94600	3546.760827897757
94700	3550.792102044681
94800	3555.025098157872
94900	3559.1808006204083
95000	3563.520963020448
95100	3568.0990721891285
95200	3572.649001575308
95300	3577.039030117914
95400	3581.2840139134787
95500	3585.6730225238134
95600	3590.093465155922
95700	3594.6450389907113
95800	3599.349229899759
95900	3604.111624365323
96000	3608.6897059445037
96100	3612.9882722303737
96200	3617.537161747401
96300	3621.959958343592
96400	3626.418900318502
96500	3630.966405951185
96600	3635.7161278761923
96700	3640.7172616744647
96800	3645.8044859714573
96900	3650.911890973395
97000	3655.849811226537
97100	3661.1708888594294
97200	3666.4440418520244
97300	3671.6304272178095
97400	3677.028002852341
97500	3682.171009092417
97600	3687.0536155759473
97700	3692.008987345791
97800	3697.17465108959
97900	3702.5334444961627
98000	3707.8571000985685
98100	3713.080387786962
98200	3717.8662546889973
98300	3722.9352376888855
98400	3728.134490095079
98500	3732.9465513368486
98600	3737.980718018429
98700	3743.137681510707
98800	3748.1319870481966
98900	3753.1648726572166
99000	3758.096746248426
99100	3762.821421898203
99200	3767.3987612870405
99300	3772.011633246264
99400	3776.9791079898714
99500	3782.1317623026553
99600	3787.2512892364175
99700	3792.0881710622925
99800	3796.9239530946943
99900	3801.550966177252
100000	3806.391364351788
100100	3810.89957368467
100200	3815.4943587966845
100300	3819.9628961778362
100400	3824.4860706076142
100500	3829.030635075236
100600	3833.758938605315
100700	3838.198356225679
100800	3842.525704876578
100900	3846.5381585083087
101000	3850.4561992713716
101100	3854.2968409208115
101200	3858.0795358577743
101300	3861.8223437521956
101400	3865.6983743279125
101500	3869.5957585763535
101600	3873.373539319844
101700	3877.0034575617756
101800	3880.7093775758985
101900	3884.5454045226797
102000	3888.4244031344424
102100	3892.2156923572766
102200	3896.0625264322152
102300	3900.1343020760105
102400	3904.5394373922027
102500	3909.2382974389475
102600	3914.016344746633
102700	3918.8273656786187
102800	3923.615730543097
102900	3928.5213859147625
103000	3933.3635420681676
103100	3938.357849571272
103200	3943.417013302387
103300	3948.494482991984
103400	3953.650882349524
103500	3958.7204429597477
103600	3963.9831392471096
103700	3969.036333821423
103800	3974.0090188343893
103900	3979.035381550493
104000	3983.9970725384774
104100	3989.073041874508
104200	3994.2686632458353
104300	3999.331984707853
104400	4004.5200075648027
104500	4009.741793910798
104600	4014.6946791171795
104700	4019.626190204581
104800	4024.2267715655034
104900	4029.0216542753624
105000	4033.6791121738497
105100	4038.463772167568
105200	4043.5960890111164
105300	4048.527524238336
105400	4053.3726606532
105500	4058.2717278483324
105600	4062.959381554043
105700	4067.7506575991865
105800	4072.5584823891404
105900	4077.4581886258093
106000	4082.300081983616
106100	4087.0917383765336
106200	4091.4580078641884
106300	4095.7820652730297
106400	4100.346222538734
106500	4105.249595478119
106600	4110.355383684393
106700	4115.391051477927
106800	4120.574224510521
106900	4125.677715729456
107000	4130.544030529214
107100	4135.8355885301135
107200	4141.046386014263
107300	4145.8682216256275
107400	4150.793393722444
107500	4156.057114213472
107600	4161.028443092189
107700	4165.677391057659
107800	4170.280702969234
107900	4174.881931768905
108000	4179.478613159445
108100	4184.040306872805
108200	4188.6539127026335
108300	4193.267366905289
108400	4198.006764835445
108500	4202.729198720597
108600	4207.046909297642
108700	4211.4122871325235
108800	4215.83370443614
108900	4220.319943471812
109000	4224.9358551543555
109100	4229.295491320023
109200	4233.711738599755
109300	4238.2034303709515
109400	4242.863732931204
109500	4247.307484420016
109600	4252.03050532483
109700	4256.6247412706725
109800	4261.228667548159
109900	4266.029036941822
110000	4270.654654955433
110100	4275.164660906012
110200	4279.511022886494
110300	4283.571477190475
110400	4287.346076089947
110500	4291.305610462034
110600	4295.645854258735
110700	4300.244761408889
110800	4304.829081145173
110900	4309.507760209439
111000	4314.166429461096
111100	4319.240863803716
111200	4323.747036753281
111300	4328.329012154543
111400	4333.003591091896
111500	4337.66385111108
111600	4342.334204499028
111700	4347.382067791128
111800	4352.488328721025
111900	4357.460892828531
112000	4362.15501385933
112100	4366.978151950752
112200	4372.006468075502
112300	4377.397778139566
112400	4382.908861321397
112500	4388.548031147162
112600	4394.100626184954
112700	4399.600121322495
112800	4405.123784387601
112900	4410.641904340999
113000	4415.895850792469
113100	4420.8873441503965
113200	4425.679880075331
113300	4430.590890965774
113400	4435.260462938459
113500	4440.06780711672
113600	4444.90814414894
113700	4449.47769922734
113800	4453.638464591466
113900	4457.925020982395
114000	4462.371825096547
114100	4467.040210822597
114200	4471.771726600709
114300	4476.85789879557
114400	4482.5866283572395
114500	4488.3144503263175
114600	4493.967363830248
114700	4499.722960744926
114800	4505.807089837501
114900	4512.163518613088
115000	4518.584515300987
115100	4525.071147968178
115200	4531.299945141596
115300	4537.0990121850045
115400	4542.958547194314
115500	4548.623446409416
115600	4554.462750364677
115700	4560.505335424212
115800	4566.939726032142
115900	4573.2426004523295
116000	4579.396630668547
116100	4585.53437000257
116200	4591.9232417697785
116300	4597.619071727153
116400	4603.711991994991
116500	4609.86686149711
116600	4615.924785376003
116700	4621.773134949617
116800	4627.822144191945
116900	4633.938327179116
117000	4639.857282771147
117100	4645.870338575158
117200	4651.811999558588
117300	4657.852731903142
117400	4663.707196594682
117500	4669.320434689231
117600	4674.975158566609
117700	4680.725505307084
117800	4686.272836231685
117900	4691.352704602759
118000	4696.371781218855
118100	4701.296778968652
118200	4706.14983862685
118300	4710.817787024484
118400	4715.593950036506
118500	4720.269617561949
118600	4725.383165527543
118700	4730.70364064601
118800	4735.855340937094
118900	4741.008860205184
119000	4746.050411881995
119100	4751.001182562206
119200	4756.219506001507
119300	4761.272226063651
119400	4766.53241950419
119500	4771.312960897514
119600	4776.217725683469
119700	4781.362598293577
119800	4786.984532402363
119900	4792.203978378209
120000	4797.2639428434195
120100	4802.978554319823
120200	4808.812863287807
120300	4814.705638515472
120400	4820.700858330005
120500	4826.849822315795
120600	4832.871515688486
120700	4838.284048150817
120800	4843.455139880418
120900	4848.479005657136
121000	4853.603517443582
121100	4858.897872004425
121200	4864.294298254827
121300	4869.3153327467735
121400	4874.764724177134
121500	4880.264341973118
121600	4885.232529981062
121700	4889.958078448719
121800	4894.432311536919
121900	4898.877744997852
122000	4903.616401307576
122100	4908.215151926444
122200	4912.594676049717
122300	4916.957546753169
122400	4921.28520963405
122500	4925.896569054923
122600	4930.771850533376
122700	4935.521226588986
122800	4940.431672022445
122900	4945.254872613819
123000	4950.04663313838
123100	4955.14583326393
123200	4960.100788223033
123300	4965.464611464704
123400	4970.412545220577
123500	4975.360890396521
123600	4980.369543735287
123700	4985.450836081349
123800	4990.139706729853
123900	4994.905336911266
124000	4999.830899180321
124100	5004.353787714092
124200	5009.09354355844
124300	5013.585094910464
124400	5017.868499090255
124500	5022.631404522748
124600	5027.416083537682
124700	5032.427718849969
124800	5037.2341493081185
124900	5042.212004327215
125000	5047.263890022645
125100	5052.070660534489
125200	5056.874536877673
125300	5061.628626264457
125400	5066.5038527656
125500	5071.386549764371
125600	5076.126565311861
125700	5081.136451842787
125800	5085.907693610876
125900	5090.35799998173
126000	5094.389546603314
126100	5098.116523668054
126200	5102.046140825609
126300	5106.257766665076
126400	5110.761655402079
126500	5115.091395832889
126600	5119.336574870453
126700	5123.572527221171
126800	5127.341081995226
126900	5130.515597239137
127000	5133.626600258227
127100	5136.859624181117
127200	5140.053487968165
127300	5143.52859835804
127400	5147.165978179488
127500	5150.41801833245
127600	5153.776370754524
127700	5156.982398165041
127800	5159.6394897841965
127900	5162.268846034829
128000	5164.96524247888
128100	5167.826059660758
128200	5170.6825844680425
128300	5173.070834293729
128400	5175.204625412938
128500	5177.618140039325
128600	5179.89801307139
128700	5181.738803786051
128800	5183.920814303856
128900	5185.922691643005
129000	5187.791246106615
129100	5189.624524017738
129200	5191.345035642036
129300	5193.04368441843
129400	5194.448923884076
129500	5195.416820718849
129600	5196.197720875032
129700	5196.948041299533
129800	5197.809377644153
129900	5198.535678223241
130000	5199.784046151617
130100	5200.77479701594
130200	5201.322652780043
130300	5201.728497978009
130400	5202.313669768337
130500	5203.0568938626675
130600	5204.305851778714
130700	5205.886391779466
130800	5207.763160327158
130900	5209.354887628462
131000	5210.9846748649725
131100	5212.207052378799
131200	5213.460993022425
131300	5215.2876308463165
131400	5216.451632077689
131500	5217.3952371249325
131600	5217.889788148284
131700	5218.143645883247
131800	5218.23209990561
131900	5218.577257512545
132000	5219.07735629176
132100	5219.6594676518
132200	5219.590268390719
132300	5219.89630213019
132400	5220.296374698519
132500	5220.5608828142285
132600	5221.140721969074
132700	5221.739263445837
132800	5222.163377051766
132900	5222.830611482379
133000	5223.498586807109
133100	5224.183823439584
133200	5224.894383646664
133300	5225.569338605914
133400	5226.181936342677
133500	5226.988575224706
133600	5227.942998553102
133700	5228.78937014332
133800	5229.444322028372
133900	5230.128884108039
134000	5230.56331674126
134100	5231.206127675017
134200	5231.935392038606
134300	5232.53501706454
134400	5232.807451619883
134500	5233.320854985155
134600	5233.860027410265
134700	5234.407712916844
134800	5235.4896164526
134900	5236.320846639515
135000	5236.720137088792
135100	5237.554543988837
135200	5238.265321639134
135300	5239.330285913486
135400	5241.0513233150705
135500	5243.162986195704
135600	5245.050160178216
135700	5246.995729154325
135800	5249.634114242799
135900	5251.761807413946
136000	5254.132889088942
136100	5256.489592603524
136200	5259.057546110591
136300	5261.513542762084
136400	5264.1534505205345
136500	5266.708795596554
136600	5269.278959132149
136700	5272.075790503644
136800	5274.871189328434
136900	5277.769722883473
137000	5280.909538381093
137100	5283.68395052047
137200	5286.739706597
137300	5289.751082236995
137400	5292.768471632269
137500	5295.830158357974
137600	5298.483919070743
137700	5301.655450353981
137800	5304.999569947075
137900	5308.283934621722
138000	5310.780266154674
138100	5313.59490266646
138200	5316.4902297511
138300	5319.384836165176
138400	5322.601191704394
138500	5326.159001663094
138600	5329.836334293708
138700	5333.522367995465
138800	5337.8574190687505
138900	5341.463626125536
139000	5344.910827806161
139100	5348.979609560163
139200	5352.542980268772
139300	5356.374358277477
139400	5360.787286575593
139500	5365.229280300613
139600	5369.542140545382
139700	5374.0414329051855
139800	5378.7688767405925
139900	5383.441667135572
140000	5388.194102710346
140100	5392.953647209564
140200	5397.581071304914
140300	5402.240399449889
140400	5407.216039323248
140500	5412.271985819563
140600	5417.482587175735
140700	5422.4920376644
140800	5428.065513403097
140900	5433.723777146079
141000	5439.761743400479
141100	5445.822678274475
141200	5451.768608433427
141300	5457.828383909888
141400	5463.413778695511
141500	5468.688806294696
141600	5473.842209477851
141700	5479.408184867876
141800	5484.837368473876
141900	5490.345738528995
142000	5495.947246972704
142100	5501.217365763325
142200	5506.5776173825725
142300	5511.866122243286
142400	5517.173139445367
142500	5522.164628742437
142600	5527.351975649886
142700	5532.399057505536
142800	5537.47895072581
142900	5542.788535832427
143000	5548.110349897586
143100	5553.4701624502195
143200	5558.432315534679
143300	5563.203126589127
143400	5568.286969328474
143500	5573.311263254203
143600	5578.665011624398
143700	5584.011973916262
143800	5589.39897753828
143900	5595.28078093112
144000	5600.580121125677
144100	5606.289659218513
144200	5612.130575630872
144300	5618.111975221138
144400	5624.034855085774
144500	5629.983597233309
144600	5636.533620933013
144700	5643.3078306010575
144800	5649.6303815872525
144900	5655.933867283049
145000	5662.073747158342
145100	5668.3432968073175
145200	5674.210991634696
145300	5680.4967988196295
145400	5686.77657188999
145500	5692.93088144029
145600	5699.471261119819
145700	5706.017274068901
145800	5712.336689826858
145900	5718.600225483184
146000	5725.1978178013815
146100	5731.494488103432
146200	5738.1748806821415
146300	5744.879128541797
146400	5751.724361281726
146500	5758.573108395038
146600	5765.058103601506
146700	5771.432456949551
146800	5777.7661457299255
146900	5784.12952942343
147000	5790.51693690347
147100	5796.725202534348
147200	5802.839451360691
147300	5808.534257854335
147400	5813.7555995527655
147500	5818.579243111366
147600	5823.03329606686
147700	5827.55194711982
147800	5831.834396730643
147900	5836.547865755914
148000	5841.548481984006
148100	5846.175476319913
148200	5850.32966909674
148300	5854.420947863022
148400	5858.659626228327
148500	5862.835243679001
148600	5867.09006193286
148700	5871.42771839723
148800	5875.710480777605
148900	5880.39102585084
149000	5884.931393821898
149100	5888.892832769954
149200	5893.444611693907
149300	5898.64915006276
149400	5903.264529432461
149500	5907.460333137133
149600	5911.593028063769
149700	5915.027156528668
149800	5918.375994867121
149900	5921.363388228696
150000	5923.920335381408
150100	5926.036980625126
150200	5927.637184731255
150300	5929.688825309684
150400	5931.226164669846
150500	5932.940654202714
150600	5934.794223529461
150700	5937.286053311662
150800	5940.410845556238
150900	5943.616696733225
151000	5946.862544329546
151100	5950.244126377103
151200	5953.771240475646
151300	5957.338024892437
151400	5961.091152868175
151500	5964.839725493977
151600	5969.041943247139
151700	5973.378589582979
151800	5977.778352211637
151900	5982.239175676776
152000	5986.16077170457
152100	5990.090337472968
152200	5993.660738475097
152300	5997.333047992666
152400	6000.9784772087005
152500	6004.560344371421
152600	6008.544820626848
152700	6012.448621955933
152800	6017.238738352316
152900	6021.225498426298
153000	6025.340886984428
153100	6029.717196128506
153200	6034.137608274235
153300	6038.261443588592
153400	6042.870382019202
153500	6047.700325958256
153600	6052.790590314369
153700	6057.310977386369
153800	6061.910460985091
153900	6066.0319269270985
154000	6070.059624536254
154100	6074.11592168425
154200	6077.9013688478735
154300	6081.230630779697
154400	6084.467000102915
154500	6088.333967973129
154600	6092.508490560984
154700	6096.4610778465285
154800	6100.960694811365
154900	6105.353005809302
155000	6109.893861244433
155100	6113.9563151277835
155200	6118.078214486304
155300	6122.375229122234
155400	6127.0927728198585
155500	6131.204333139409
155600	6135.323162251792
155700	6139.839345478453
155800	6144.183024124766
155900	6148.270275721094
156000	6152.78054437571
156100	6156.7665058641
156200	6161.370322876319
156300	6166.461209799105
156400	6171.184164290607
156500	6175.8089649682515
156600	6180.113531776529
156700	6184.141470325703
156800	6188.2579974438995
156900	6193.025083286921
157000	6197.672843257606
157100	6202.111585664854
157200	6206.51246559323
157300	6210.87705531338
157400	6215.8037650557235
157500	6220.5847001532675
157600	6225.05528468627
157700	6229.422732532956
157800	6233.815190683585
157900	6238.315526360413
158000	6242.908644355426
158100	6248.233612858108
158200	6253.2742512442055
158300	6258.114639623149
158400	6263.3549187592
158500	6269.097403162916
158600	6275.235678852012
158700	6281.230883424636
158800	6287.506326235249
158900	6293.693299028324
159000	6299.660864240606
159100	6305.76903847896
159200	6311.698012141918
159300	6317.595596155617
159400	6323.782978967181
159500	6329.5565138831735
159600	6335.075110748643
159700	6340.851622955466
159800	6346.214039844286
159900	6351.182413421804
160000	6356.220316533698
160100	6361.408015450987
160200	6366.6775298559805
160300	6371.6451214680565
160400	6376.758121002407
160500	6381.323762331274
160600	6386.256113685726
160700	6391.341905576701
160800	6396.468091506395
160900	6401.441824596201
161000	6406.282976064016
161100	6410.6800180064165
161200	6415.135495662398
161300	6419.562344572041
161400	6423.170265559689
161500	6426.20292092266
161600	6429.355874523229
161700	6432.27695023868
161800	6434.6471128738485
161900	6436.505671088293
162000	6438.8754617920495
162100	6441.040093758784
162200	6443.54075154243
162300	6446.193746490753
162400	6449.192985827103
162500	6452.262717271107
162600	6455.528943178186
162700	6458.748002828157
162800	6461.309763944999
162900	6464.4662254954455
163000	6467.794631457247
163100	6471.115758202504
163200	6474.533145107445
163300	6477.996518399625
163400	6481.230318633607
163500	6484.753224537126
163600	6488.239181333338
163700	6491.926718978677
163800	6494.943426178885
163900	6498.338430883421
164000	6502.041122357652
164100	6505.6773097153055
164200	6509.49223790766
164300	6513.513014353404
164400	6516.951935950201
164500	6520.203959244362
164600	6523.93156361772
164700	6527.935731875186
164800	6531.898103795946
164900	6536.0706327428925
165000	6539.790141343023
165100	6543.26436227595
165200	6546.5862814395805
165300	6550.10356247623
165400	6553.919837241003
165500	6557.813020435686
165600	6561.654075522034
165700	6565.349572739098
165800	6568.90296903532
165900	6572.977474484884
166000	6576.950586944935
166100	6580.7434849346755
166200	6584.742718314461
166300	6588.506160274555
166400	6592.095937850652
166500	6596.299762395327
166600	6600.816499765962
166700	6605.55301532225
166800	6610.567480779777
166900	6615.99659371539
167000	6621.560079824878
167100	6627.948252701375
167200	6634.820164277509
167300	6641.091242993658
167400	6647.569002848351
167500	6654.132441084366
167600	6660.431837371958
167700	6666.549480996153
167800	6672.826482554025
167900	6679.118223623664
168000	6685.755913225759
168100	6692.009280803904
168200	6697.909885093453
168300	6703.656665205373
168400	6709.84147204255
168500	6715.676528700627
168600	6721.847437450662
168700	6727.742854406824
168800	6733.494620352227
168900	6738.989294750907
169000	6744.246126281389
169100	6749.853823424492
169200	6755.153678174771
169300	6760.839609281975
169400	6766.588959549379
169500	6771.616465474013
169600	6776.756059202831
169700	6781.70850213652
169800	6786.113842559222
169900	6789.949952150811
170000	6793.784936334356
170100	6797.65865884535
170200	6801.672112248838
170300	6805.580996414181
170400	6809.53518898855
170500	6813.533083347662
170600	6817.74116721988
170700	6821.99239077128
170800	6825.77237039106
170900	6830.091815116291
171000	6833.981854323356
171100	6837.925099517684
171200	6842.026214902464
171300	6846.5825818373705
171400	6850.681109504367
171500	6854.92613600113
171600	6859.258149711706
171700	6863.043007104134
171800	6866.4684220489
171900	6869.992616275849
172000	6873.44985657552
172100	6876.629584689741
172200	6880.232638205984
172300	6884.078405026172
172400	6888.022050749685
172500	6892.192247760948
172600	6897.21416640823
172700	6902.244808066986
172800	6906.344399051333
172900	6910.647140473884
173000	6914.947796038003
173100	6918.765408713894
173200	6922.275794337154
173300	6926.173568011553
173400	6930.16482976824
173500	6933.432936348778
173600	6936.399666056561
173700	6939.669914950442
173800	6943.048218052776
173900	6946.14706335665
174000	6948.952388439677
174100	6951.785104880808
174200	6955.215025264537
174300	6957.890661162615
174400	6960.736777887447
174500	6964.359153924335
174600	6968.719820080209
174700	6973.211220107914
174800	6977.835750997416
174900	6982.4341109910165
175000	6987.165311868128
175100	6992.341518733592
175200	6997.788488112739
175300	7003.376171995886
175400	7008.702079999086
175500	7014.588062871539
175600	7019.980189567024
175700	7025.182669062109
175800	7031.0195381848025
175900	7036.795462599432
176000	7043.376313110057
176100	7050.5515708417515
176200	7057.512754657015
176300	7064.270413121325
176400	7070.606620641833
176500	7075.967816016637
176600	7080.608034599689
176700	7084.8655882574385
176800	7089.654261963675
176900	7094.758745355764
177000	7100.032434659428
177100	7105.706808100396
177200	7110.922707676305
177300	7115.437759324792
177400	7119.240478778724
177500	7122.198101537535
177600	7125.123290903459
177700	7128.245415808517
177800	7131.133699161583
177900	7133.5012188002
178000	7136.308629449457
178100	7139.755750335113
178200	7142.259844139044
178300	7145.0334046899225
178400	7147.717437208106
178500	7150.538070493494
178600	7153.786704833445
178700	7157.10677964706
178800	7161.189437636465
178900	7165.0896751510445
179000	7169.346607541374
179100	7172.753272915201
179200	7175.992464393552
179300	7179.4409233733895
179400	7182.947360422346
179500	7187.076883677044
179600	7192.266103616683
179700	7197.565491129179
179800	7202.799950194079
179900	7209.024272892915
180000	7215.6931749476935
180100	7221.521532775834
180200	7227.519920285558
180300	7233.250447664817
180400	7240.214876986924
180500	7246.77658145153
180600	7253.53593110363
180700	7260.338592964108
180800	7267.38627530064
180900	7274.225496840081
181000	7280.388399453252
181100	7287.194857750437
181200	7294.192980248365
181300	7301.174489112222
181400	7307.8924284604145
181500	7315.280481112015
181600	7322.698587360792
181700	7330.06704703666
181800	7337.512882992392
181900	7345.290200345567
182000	7352.230964928691
182100	7358.5838083239505
182200	7364.571601451084
182300	7370.803313616139
182400	7376.822977545788
182500	7382.943198436464
182600	7389.765492493694
182700	7397.120376217004
182800	7404.266657196626
182900	7412.101618644083
183000	7420.620646767202
183100	7429.1631168134045
183200	7437.107434566366
183300	7445.744591023133
183400	7454.231485389755
183500	7463.043905784201
183600	7471.842170976568
183700	7480.181837991113
183800	7488.872871351778
183900	7497.258269983053
184000	7505.251651451108
184100	7512.846634325921
184200	7521.079593580391
184300	7529.011310443748
184400	7536.7004172673915
184500	7544.8495350537705
184600	7553.633350307704
184700	7562.738806450565
184800	7571.186682518397
184900	7579.507711267448
185000	7587.714402986399
185100	7594.932311997749
185200	7601.699868374795
185300	7607.980531282083
185400	7613.8482376133325
185500	7619.035728904128
185600	7624.18258413882
185700	7629.9287484447705
185800	7634.981427966268
185900	7639.952018815558
186000	7644.917648051167
186100	7650.273534521868
186200	7656.727262874134
186300	7663.341199030867
186400	7670.121717336413
186500	7676.358240060217
186600	7682.077742130554
186700	7687.55511686916
186800	7692.8680235304055
186900	7698.719524465792
187000	7704.209068715689
187100	7709.71924696042
187200	7715.306955158012
187300	7721.50732367672
187400	7727.836923567287
187500	7733.730074182735
187600	7739.973723158473
187700	7747.151522370521
187800	7755.121205823438
187900	7763.304533067276
188000	7771.358714919537
188100	7778.883823671669
188200	7786.728544663405
188300	7794.541564953397
188400	7802.422084930295
188500	7809.59621756291
188600	7816.628895665985
188700	7823.164254071366
188800	7829.438528888975
188900	7836.072021708358
189000	7842.494695089757
189100	7849.596694444888
189200	7857.375514565327
189300	7864.715319771669
189400	7871.9994571844
189500	7879.702037825657
189600	7887.709867547033
189700	7896.537742002227
189800	7904.560839577578
189900	7913.023829605547
190000	7921.315700048639
190100	7929.728025374119
190200	7938.144910519768
190300	7946.332749203662
190400	7953.964286108792
190500	7962.382475833932
190600	7971.249255130242
190700	7980.936650284333
190800	7990.513756323024
190900	8000.733692988753
191000	8011.027582210139
191100	8022.362599788059
191200	8034.314430723316
191300	8046.680707853811
191400	8060.06931779749
191500	8073.302952162514
191600	8086.509570884053
191700	8099.90001417452
191800	8113.572887908784
191900	8127.400398928905
192000	8140.67880513682
192100	8153.732285790145
192200	8167.224030927406
192300	8181.845102166233
192400	8197.4621448525
192500	8212.258382833621
192600	8226.807003194117
192700	8241.669432934024
192800	8256.616202670324
192900	8270.867983844015
193000	8285.598842321197
193100	8299.687420610338
193200	8313.900259441289
193300	8327.942758229678
193400	8341.985769787396
193500	8356.854537486739
193600	8372.249277203227
193700	8386.846348207211
193800	8401.606893265038
193900	8415.704995131586
194000	8429.747061443399
194100	8443.641968565993
194200	8457.160765979032
194300	8469.519823183888
194400	8481.934132810507
194500	8495.90818670363
194600	8508.364932986558
194700	8521.038578368956
194800	8534.225992174295
194900	8547.458552586671
195000	8561.963559106458
195100	8576.343631976983
195200	8589.893917397596
195300	8603.719354860019
195400	8617.358398408454
195500	8630.541464591864
195600	8643.264856207941
195700	8655.241697032587
195800	8667.171041177935
195900	8678.473603853956
196000	8690.673742477025
196100	8703.932678894897
196200	8716.89108757925
196300	8729.568603506545
196400	8742.698834989627
196500	8755.060048822139
196600	8766.08033557213
196700	8777.060606534884
196800	8788.513800848217
196900	8799.81738380465
197000	8810.905619363417
197100	8821.891179479833
197200	8833.016959595436
197300	8843.76971056679
197400	8854.763037202472
197500	8866.395132727805
197600	8877.329555879405
197700	8888.506567531498
197800	8899.690692031872
197900	8910.713413635094
198000	8921.445391410496
198100	8932.172043434228
198200	8943.80676425976
198300	8955.108131748042
198400	8965.171996267163
198500	8975.246330346388
198600	8984.73038402677
198700	8994.475816863996
198800	9004.337431825465
198900	9014.594880436256
199000	9026.200973659812
199100	9037.190956816485
199200	9048.448171817523
199300	9059.70997407689
199400	9072.137028040248
199500	9084.977355294977
199600	9097.210815189814
199700	9109.469132590748
199800	9121.369992555643
199900	9133.046793181391
200000	9144.96451544686
200100	9157.137366637005
200200	9169.547110996209
200300	9182.257316281379
200400	9194.705892395636
200500	9206.08608329302
200600	9218.742604074592
200700	9231.513536421699
200800	9243.97000522737
200900	9256.794582162984
201000	9270.017373094277
201100	9282.055732979381
201200	9293.542292676517
201300	9304.433920073207
201400	9314.939031400718
201500	9324.821249056084
201600	9334.667034330952
201700	9344.841063974658
201800	9354.649356139358
201900	9364.093280139146
202000	9373.445809815952
202100	9383.289409228892
202200	9393.254723829567
202300	9403.117899797217
202400	9413.136193022714
202500	9424.259555920376
202600	9435.871122583398
202700	9447.74656689522
202800	9459.469295666146
202900	9471.758568072168
203000	9482.572657226876
203100	9493.447004030168
203200	9505.526590568188
203300	9519.262682172528
203400	9532.497333027248
203500	9547.278055585222
203600	9562.76480270084
203700	9578.040964188462
203800	9593.099944490474
203900	9606.727757919289
204000	9619.681963231356
204100	9631.489242669777
204200	9642.30650370277
204300	9653.152833328466
204400	9664.077986301505
204500	9675.103863646102
204600	9687.256422944076
204700	9698.349661364104
204800	9709.247844876081
204900	9721.122809963417
205000	9731.93270208966
205100	9742.291317297728
205200	9753.733397957985
205300	9764.71020626626
205400	9775.234339500661
205500	9785.735648528207
205600	9796.378578345524
205700	9808.235988135042
205800	9820.353841819044
205900	9831.564197527652
206000	9843.32178182574
206100	9855.901751361496
206200	9868.527642704663
206300	9881.215561715828
206400	9893.513630695175
206500	9905.182783674623
206600	9916.762824079255
206700	9928.816505823459
206800	9941.447564586066
206900	9954.975923347753
207000	9968.221119458554
207100	9981.279535687645
207200	9994.372599625087
207300	10007.475107131235
207400	10019.915173022775
207500	10033.812294766365
207600	10048.15844952705
207700	10062.449509295693
207800	10076.4818327268
207900	10090.440700661158
208000	10105.22838623327
208100	10119.885819727613
208200	10135.375106866239
208300	10150.20606325497
208400	10167.01657364855
208500	10183.260018460394
208600	10199.59275667119
208700	10216.882904130849
208800	10232.932452842302
208900	10249.131575806416
209000	10267.219471866498
209100	10287.069287644
209200	10306.832894868858
209300	10327.491541692172
209400	10349.254320371547
209500	10370.908973410085
209600	10391.927449206763
209700	10412.773669181974
209800	10433.203735367802
209900	10454.7438079415
210000	10476.545715232613
210100	10498.076919929124
210200	10519.29946139158
210300	10540.000272669015
210400	10560.82320439862
210500	10580.826331388613
210600	10602.776923806407
210700	10625.353744181804
210800	10647.54348800471
210900	10670.540092009236
211000	10692.463214618387
211100	10714.896520605136
211200	10737.22625596571
211300	10759.124347074307
211400	10781.855728121998
211500	10804.649536642362
211600	10828.513004492503
211700	10851.82952381688
211800	10875.101202716469
211900	10898.229883335996
212000	10921.500620623352
212100	10944.426573197008
212200	10968.427684778173
212300	10993.44449920056
212400	11018.503960135567
212500	11043.14028403943
212600	11067.832582384872
212700	11092.004389644659
212800	11116.998179673916
212900	11140.660401750996
213000	11165.598062222416
213100	11191.192281118245
213200	11216.699261553993
213300	11242.562880343874
213400	11267.539143518836
213500	11293.5435765789
213600	11320.184324006143
213700	11346.587966947001
213800	11372.366582276067
213900	11397.240454651648
214000	11421.505162500194
214100	11445.128265826788
214200	11469.06203272735
214300	11491.988570231479
214400	11514.689973399625
214500	11536.657989288098
214600	11558.53884457337
214700	11579.809442650178
214800	11601.082679071289
214900	11622.009735575179
215000	11642.676784272538
215100	11663.152360967651
215200	11681.947176263959
215300	11701.193518110784
215400	11720.995190226065
215500	11740.184571862279
215600	11759.435786685674
215700	11777.39185078576
215800	11796.324464540114
215900	11818.012680007902
216000	11840.603347494616
216100	11863.32054525154
216200	11886.810748127697
216300	11910.957186467538
216400	11935.127537229448
216500	11959.748682574253
216600	11985.780362867983
216700	12012.930734490044
216800	12041.035226198088
216900	12070.057939448394
217000	12099.008298870933
217100	12127.721823724569
217200	12155.511100119504
217300	12183.68276959745
217400	12213.101568716287
217500	12243.46153563523
217600	12274.816780788009
217700	12305.536440116062
217800	12335.566059907665
217900	12364.998956152995
218000	12394.057495979767
218100	12424.547794278478
218200	12456.344607846695
218300	12489.830593779683
218400	12522.167402460764
218500	12554.739107755304
218600	12588.344455971499
218700	12622.528386469523
218800	12656.298750717717
218900	12691.319442717999
219000	12727.008557337569
219100	12764.158241261146
219200	12801.86792952125
219300	12839.854931207781
219400	12877.594073635817
219500	12914.540212988039
219600	12953.419310288504
219700	12993.668003930361
219800	13033.096491154574
219900	13073.291414931766
220000	13112.680855295912
220100	13151.864902595931
220200	13191.022869538632
220300	13229.851155100623
220400	13268.340344841243
220500	13306.560668694437
220600	13346.079655323643
220700	13385.524641484139
220800	13424.78616803768
220900	13464.170696258661
221000	13503.7423022656
221100	13543.180944507476
221200	13584.25918100361
221300	13624.365546222252
221400	13663.170313612733
221500	13701.12706920586
221600	13738.574024488335
221700	13776.262501322548
221800	13813.168860970938
221900	13848.809939326777
222000	13882.629292028781
222100	13914.540602695255
222200	13948.139082148788
222300	13982.50711027952
222400	14018.327321743069
222500	14051.54970287776
222600	14083.723221959604
222700	14116.1096473285
222800	14149.48736815073
222900	14182.78146609565
223000	14217.847689963644
223100	14254.271720360557
223200	14291.796068643976
223300	14331.302763962827
223400	14370.388284899178
223500	14407.805100035563
223600	14445.044655960519
223700	14481.043234101147
223800	14518.224766281259
223900	14557.064060999022
224000	14594.2147299457
224100	14633.044842655829
224200	14672.983921333042
224300	14712.62097418541
224400	14752.539932342072
224500	14791.379450964916
224600	14830.546582326293
224700	14870.623098216427
224800	14910.336008233076
224900	14948.298094166676
225000	14985.871631705377
225100	15023.614263292344
225200	15063.552883143944
225300	15102.29492287169
225400	15143.076730521047
225500	15184.419936269464
225600	15226.17796688655
225700	15270.87160155928
225800	15313.690599149675
225900	15357.258856667904
226000	15401.439614446543
226100	15446.504493869434
226200	15490.046330776357
226300	15533.448432684469
226400	15579.106012112403
226500	15622.968974001007
226600	15665.82281546609
226700	15710.027775303577
226800	15754.445419512806
226900	15798.551509644953
227000	15844.175191167917
227100	15890.209521690616
227200	15935.316840863321
227300	15977.676316725614
227400	16019.38492430863
227500	16061.642039605591
227600	16100.769854248327
227700	16141.167548456637
227800	16181.578357125341
227900	16223.536194403656
228000	16265.732575715578
228100	16308.36689398298
228200	16352.280070583278
228300	16392.5187634647
228400	16433.830137723475
228500	16473.063181845413
228600	16513.15701890667
228700	16551.321021547832
228800	16591.39025499532
228900	16634.044740513084
229000	16675.556955030363
229100	16717.945356874785
229200	16760.424781588314
229300	16802.749945044052
229400	16845.630871363974
229500	16885.23609409755
229600	16923.06778177654
229700	16962.02234389889
229800	17002.675402652763
229900	17042.32416570495
230000	17084.616224982252
230100	17127.62499205087
230200	17170.567411870754
230300	17217.88219415804
230400	17264.968135876465
230500	17312.342123790004
230600	17362.902290128462
230700	17415.109214202443
230800	17467.25275547779
230900	17521.545017476834
231000	17571.490188276162
231100	17623.291545559478
231200	17672.542361882108
231300	17719.884024224535
231400	17769.219064613862
231500	17817.7043459923
231600	17865.415616237617
231700	17912.33345359855
231800	17960.185376653622
231900	18009.495005930425
232000	18059.82438267331
232100	18109.891322868818
232200	18160.59898944886
232300	18212.021261408518
232400	18267.813606501033
232500	18322.163905185298
232600	18377.155660196848
232700	18432.673226240557
232800	18486.95365327428
232900	18541.241551578976
233000	18594.961190242902
233100	18650.654027107114
233200	18705.768550628854
233300	18761.804575988383
233400	18816.911714567104
233500	18870.98858924606
233600	18925.013623897976
233700	18975.961967563548
233800	19026.553562118672
233900	19076.193400748132
234000	19126.90950432868
234100	19179.91293017415
234200	19232.34043611557
234300	19282.548348872166
234400	19334.876016124384
234500	19387.10937997821
234600	19441.282621417835
234700	19494.796509274456
234800	19545.560250247712
234900	19596.412300421624
235000	19644.869070684595
235100	19694.69949479273
235200	19744.689221710432
235300	19796.74298213556
235400	19848.467596415896
235500	19900.879304769624
235600	19950.312813271536
235700	19995.728587560006
235800	20038.918949947576
235900	20081.891721918713
236000	20124.553670420253
236100	20167.31184384803
236200	20210.15852990799
236300	20253.442895266926
236400	20295.053740269737
236500	20332.945347377507
236600	20369.169033772137
236700	20404.235410460387
236800	20441.083396681584
236900	20475.55399464903
237000	20508.508472636575
237100	20543.328478882788
237200	20579.186255174922
237300	20615.565166120825
237400	20656.739150141308
237500	20695.79279258492
237600	20736.896674564166
237700	20777.29299758235
237800	20816.009721990617
237900	20853.837184370263
238000	20891.633345782873
238100	20927.945245188428
238200	20959.741838256014
238300	20990.870457918034
238400	21024.117043801583
238500	21061.019325605885
238600	21098.571443539753
238700	21137.528772471647
238800	21172.98452464468
238900	21212.334838525276
239000	21248.855588856502
239100	21284.33774326375
239200	21318.786045753805
239300	21349.229930664063
239400	21382.35544892907
239500	21417.138791033824
239600	21456.630803785753
239700	21489.71098471788
239800	21520.54864761053
239900	21553.015622421866
240000	21582.79179723165
240100	21612.76947101549
240200	21643.420398275775
240300	21671.72397772374
240400	21694.631359769905
240500	21717.093770777225
240600	21741.165411268303
240700	21767.119328882953
240800	21790.01594138262
240900	21813.66543048696
241000	21839.79923903168
241100	21869.008634010213
241200	21895.263206773438
241300	21914.58065314981
241400	21934.76703208359
241500	21955.98622963956
241600	21977.648266223725
241700	21998.494527468516
241800	22020.702826485736
241900	22045.576128593064
242000	22067.54083895916
242100	22091.664073431573
242200	22118.712531606667
242300	22144.62136861682
242400	22171.45219900261
242500	22193.205161785765
242600	22212.740298896562
242700	22232.24673373025
242800	22246.82972398412
242900	22261.911194233806
243000	22275.720820498653
243100	22289.557729563385
243200	22306.057507988706
243300	22323.150504462246
243400	22328.28651837207
243500	22328.35120268981
243600	22331.531545104284
243700	22335.54309917678
243800	22338.46927757212
243900	22341.350017134682
244000	22352.594125577598
244100	22356.613827513007
244200	22363.033943310904
244300	22373.495343912276
244400	22378.524858330784
244500	22374.953771170345
244600	22379.018999417603
244700	22386.225529050396
244800	22402.52597548929
244900	22415.069419675216
245000	22427.34479048039
245100	22432.664497824677
245200	22438.297777480213
245300	22443.730142770743
245400	22445.356798423803
245500	22446.42872555746
245600	22440.22125441977
245700	22427.6189894586
245800	22424.364222659904
245900	22419.776135664608
246000	22400.68873214122
246100	22383.928256217507
246200	22365.519892083597
246300	22345.577646831516
246400	22315.138100633514
246500	22287.05560877273
246600	22267.908715038735
246700	22257.06351962115
246800	22247.318851221004
246900	22236.98524088296
247000	22229.175602507603
247100	22219.771693086135
247200	22222.756928446935
247300	22216.61923181161
247400	22217.565083645633
247500	22203.05379136646
247600	22199.61001187953
247700	22205.467734291975
247800	22217.39544003387
247900	22230.019041683467
248000	22240.29593015916
248100	22256.0791924785
248200	22278.159777195426
248300	22291.800919022353
248400	22304.946738318424
248500	22318.00069404015
248600	22331.390326898545
248700	22346.522309447464
248800	22354.585105592676
248900	22365.172773069295
249000	22381.418740333873
249100	22378.923716095916
249200	22379.170851922012
249300	22381.73355734255
249400	22381.474505820195
249500	22381.458068774897
249600	22384.274776506238
249700	22376.64281804167
249800	22362.348212987883
249900	22337.15174780629
250000	22302.605305574543
250100	22274.901430816506
250200	22259.498327662237
250300	22248.338357916684
250400	22251.676828875847
250500	22246.997150259383
250600	22239.823541922495
250700	22235.232323265867
250800	22243.576854177925
250900	22260.708276846795
251000	22268.703624720685
251100	22280.291542318184
251200	22278.341734886577
251300	22276.956610527588
251400	22262.89307485649
251500	22250.51860939496
251600	22261.953366903937
251700	22280.05485072639
251800	22288.69389675348
251900	22296.949576738407
252000	22280.91321120161
252100	22275.969809088216
252200	22267.546517609793
252300	22258.004427504726
252400	22262.465169942763
252500	22238.366999370744
252600	22197.560418526933
252700	22145.665830083133
252800	22097.997101836256
252900	22069.471628275292
253000	22027.180131196626
253100	21980.368941470573
253200	21967.745618439396
253300	21964.44407240738
253400	21989.421286772005
253500	22001.805768061662
253600	22028.099684393324
253700	22060.975867380912
253800	22099.35132103163
253900	22111.74886187911
254000	22019.21292937844
254100	21946.997219074052
254200	21877.424951716326
254300	21755.118373654783
254400	21727.26675021276
254500	21686.784614941513
254600	21582.912321336567
254700	21508.855400299013
254800	21301.195008583367
254900	21661.374417297542
