# MSD of Single Random Dynabead (H) (Single Random Atom)
LagTime(MCS)	MSD
0	0.0
100	2.60282602510415
200	5.318973720713984
300	8.106425557169132
400	10.991749219188932
500	13.830783402780071
600	16.726200236706063
700	19.749494745745324
800	22.80509391031228
900	25.702817754703574
1000	28.610517131979577
1100	31.54594989446923
1200	34.539826454536524
1300	37.43081564770546
1400	40.250763192307204
1500	42.998652868147474
1600	45.81058453978039
1700	48.64823110908037
1800	51.64096992154373
1900	54.745129086775705
2000	57.82460841134889
2100	60.795824868022464
2200	63.74420637637377
2300	66.8190526314429
2400	70.06017401925055
2500	73.30336021538824
2600	76.62651667650789
2700	79.87734575767536
2800	83.12396685720887
2900	86.31384859699756
3000	89.49002297304105
3100	92.5613268148154
3200	95.52092827571323
3300	98.5646116732969
3400	101.65124031633604
3500	104.81213638524059
3600	108.0512977008475
3700	111.20320507779252
3800	114.31277643167414
3900	117.42527651553974
4000	120.64172290585702
4100	123.8487043461646
4200	127.15309456601972
4300	130.50433952524327
4400	133.8646028265939
4500	137.26671466318658
4600	140.5832759665791
4700	143.88976775918854
4800	147.1580438799574
4900	150.42613826325396
5000	153.63173659407767
5100	156.77042749233078
5200	159.85175670834724
5300	162.95919496024726
5400	166.1206364723621
5500	169.34508223325247
5600	172.67084549699211
5700	175.94080768991262
5800	179.16684627428185
5900	182.30785225948785
6000	185.42746561596869
6100	188.4929090385558
6200	191.54398592800135
6300	194.6339537811582
6400	197.6884618437034
6500	200.85391761601204
6600	203.9333002617932
6700	207.11129502241965
6800	210.13888745644363
6900	213.00884740718175
7000	215.97575366549427
7100	218.89464130677516
7200	221.9828538451693
7300	224.9870559553965
7400	227.9494267606642
7500	230.81682005844777
7600	233.72511942998972
7700	236.60528939106734
7800	239.5214931947994
7900	242.4434555468033
8000	245.2560687304358
8100	247.92159902560525
8200	250.50568245566683
8300	252.97591739048949
8400	255.3750269835582
8500	257.7661749292165
8600	260.19485574919963
8700	262.4633947638795
8800	264.8610045397072
8900	267.2417786340229
9000	269.7331292704912
9100	272.4348488136311
9200	275.1254644594155
9300	277.8981079435325
9400	280.80731295695296
9500	283.71333900943864
9600	286.73369285755325
9700	289.682404495019
9800	292.37763688433915
9900	295.0147119993344
10000	297.59841268206947
10100	300.1293186075054
10200	302.5371837482089
10300	304.89813613914885
10400	307.2256511306041
10500	309.52240301767597
10600	311.8130877171643
10700	314.14284370670794
10800	316.6955053702113
10900	319.31504090246744
11000	321.87171264895005
11100	324.5392968924134
11200	327.1746385683073
11300	329.83712325734086
11400	332.5790719218203
11500	335.300688007439
11600	337.98218462913064
11700	340.6955137340119
11800	343.5043658732902
11900	346.31895319599425
12000	348.97521039744606
12100	351.57147954730317
12200	354.0723046863568
12300	356.66533295606496
12400	359.4032599767088
12500	361.89676071336726
12600	364.54080714203883
12700	367.2586144541274
12800	370.03920626366744
12900	372.80314842337975
13000	375.5945760678733
13100	378.2566620724392
13200	380.91991623147624
13300	383.5248907589121
13400	386.17750768346014
13500	388.8688345543924
13600	391.47679746040376
13700	394.24136445857584
13800	397.0880803411128
13900	399.91717895586044
14000	402.7070697884192
14100	405.32365122967167
14200	407.9037725579692
14300	410.49761667085113
14400	413.09995980083477
14500	415.7153535167454
14600	418.2361662107869
14700	420.8593537666602
14800	423.39083281555213
14900	425.9075644235709
15000	428.50537626922596
15100	431.1479573554243
15200	433.91099334007595
15300	436.58275426051114
15400	439.2771435076138
15500	442.0214805775322
15600	444.93198356661014
15700	447.7465028837905
15800	450.52263845765265
15900	453.2213418124593
16000	455.9214863225352
16100	458.6288615214289
16200	461.45130437845364
16300	464.2348700381117
16400	466.94944364379626
16500	469.6431536125601
16600	472.30829413677566
16700	475.02910180337494
16800	477.6158774259966
16900	480.2928893652279
17000	482.8405877921032
17100	485.46073655446526
17200	487.9829401074094
17300	490.67986921046395
17400	493.44105074816616
17500	496.1030333074159
17600	498.67414495628327
17700	501.20622495148564
17800	503.8359612937202
17900	506.48227232840145
18000	509.1414104842115
18100	511.85581423249096
18200	514.5630269922549
18300	517.3435420663445
18400	520.1485693929135
18500	522.9613411938772
18600	525.6384286545217
18700	528.1952163813985
18800	530.6508832424879
18900	533.0457742436556
19000	535.3517239785288
19100	537.5708764369483
19200	539.8124317831243
19300	541.9289669923019
19400	544.1376357361441
19500	546.4838063080679
19600	548.9458214944461
19700	551.3616493026493
19800	553.9682062232168
19900	556.7100855764584
20000	559.4917982019251
20100	562.3119352184003
20200	565.0467930282466
20300	567.7664703472401
20400	570.5988645137404
20500	573.3457420986379
20600	576.0818349242327
20700	578.8802428924828
20800	581.6615905846702
20900	584.3051590126124
21000	586.7839148862404
21100	589.203930645599
21200	591.653277474572
21300	594.1601258448209
21400	596.675222579448
21500	599.2605192364426
21600	601.8574880922679
21700	604.4083013546187
21800	607.1251480609644
21900	609.7138176509761
22000	612.2491316398373
22100	614.8467879951932
22200	617.3794602869311
22300	619.7572354261065
22400	622.286305341695
22500	624.8268028197344
22600	627.4527256236179
22700	630.0753051324282
22800	632.7660513151204
22900	635.4643928823061
23000	638.2419142197468
23100	641.0133321673493
23200	643.6839526051772
23300	646.4434714121744
23400	649.134329447872
23500	651.9365178745356
23600	654.6557060257182
23700	657.383006572898
23800	659.9028788364376
23900	662.6725600410136
24000	665.5663842019276
24100	668.3298631577636
24200	670.9566596175428
24300	673.5274553293712
24400	676.1465695930528
24500	678.7554774436285
24600	681.3690761935432
24700	684.1428157113842
24800	686.9891740341554
24900	689.781491274247
25000	692.5832387304399
25100	695.2884376217844
25200	697.949053252989
25300	700.512499220029
25400	702.921399591025
25500	705.2440872388543
25600	707.5932263938012
25700	710.0221846973291
25800	712.4398170677596
25900	714.8161619462771
26000	717.0978351313388
26100	719.4654645593837
26200	721.9642950803391
26300	724.5518018654548
26400	727.2560809119022
26500	729.8609301665565
26600	732.4615005602245
26700	735.1016801357036
26800	737.7757424807642
26900	740.4707713286625
27000	743.0168450415367
27100	745.4699931454961
27200	747.8226986733498
27300	750.2569320451585
27400	752.8172261453583
27500	755.4481899231905
27600	758.0046783260186
27700	760.6503659679438
27800	763.3851918783039
27900	766.0266723786481
28000	768.5925750908209
28100	771.2267725051497
28200	773.7771671834635
28300	776.4104766867822
28400	779.1813141200691
28500	782.0394280394539
28600	785.0296568683116
28700	788.0194802717306
28800	791.1382965394296
28900	794.4168912398163
29000	797.5951450614375
29100	800.9299612299656
29200	804.2063044834067
29300	807.5151128103025
29400	810.8944808766246
29500	814.1295816553757
29600	817.2460192656144
29700	820.2847259141854
29800	823.3477857565158
29900	826.512225231796
30000	829.6237490859348
30100	832.7146539528039
30200	835.8728479153942
30300	839.1848288858891
30400	842.3955266558914
30500	845.6861918472569
30600	849.0153768429882
30700	852.2553157041548
30800	855.5873514033738
30900	858.9138888091547
31000	862.3467937773094
31100	865.7377108566579
31200	869.0548770086607
31300	872.3032273543067
31400	875.4304362175753
31500	878.3999979702639
31600	881.4180944031687
31700	884.4661444335943
31800	887.5138541650376
31900	890.5505683325464
32000	893.6061906416435
32100	896.9192946182447
32200	900.2510675550438
32300	903.3135695358505
32400	906.4904822532553
32500	909.5742706328747
32600	912.6660777588258
32700	915.8379513212712
32800	919.1181675588014
32900	922.2292687613517
33000	925.4494718651986
33100	928.6605726622511
33200	931.7515624059015
33300	934.8052737614489
33400	937.835432001797
33500	940.8308689865516
33600	943.7128161307774
33700	946.6539701112779
33800	949.6076085884706
33900	952.57842555159
34000	955.5859117177315
34100	958.6203716737218
34200	961.72607278137
34300	964.8819270016975
34400	968.0261916399468
34500	971.1861745345523
34600	974.4103309893981
34700	977.5850928362925
34800	980.7502256497391
34900	983.919751444424
35000	986.9512097754632
35100	989.9874172881828
35200	992.9757415328058
35300	995.9428625278524
35400	998.8587515996187
35500	1001.6341100399732
35600	1004.3821018185117
35700	1007.0249163027038
35800	1009.7178411918576
35900	1012.3759402553551
36000	1014.9506614577258
36100	1017.5023540871916
36200	1020.2074760711985
36300	1022.9354412694229
36400	1025.5806227755384
36500	1028.1544579971232
36600	1030.7738062341814
36700	1033.3699557202635
36800	1036.101018796966
36900	1038.9411898910184
37000	1041.8590958188288
37100	1044.869834807294
37200	1047.8921152254916
37300	1050.8354061688296
37400	1053.7889400352142
37500	1056.8017021470587
37600	1059.8913799276343
37700	1062.9289695277694
37800	1065.9907569641946
37900	1069.032871262054
38000	1072.0659069248359
38100	1075.2088506059954
38200	1078.4378473864635
38300	1081.6310535822413
38400	1084.9638353079208
38500	1088.3143995081773
38600	1091.6367605327396
38700	1094.8722659726045
38800	1098.2225218542153
38900	1101.7186522984412
39000	1105.2192007282865
39100	1108.8949212080915
39200	1112.5604020627798
39300	1116.2840292926994
39400	1120.1544957869337
39500	1123.9315361581394
39600	1127.6142609980307
39700	1131.3181823170162
39800	1135.0803131217253
39900	1138.9434106978588
40000	1142.9415738084354
40100	1146.9099900568835
40200	1150.7310406910256
40300	1154.66065470787
40400	1158.6517883724882
40500	1162.6714140640106
40600	1166.5979892600444
40700	1170.487098362064
40800	1174.2664053459885
40900	1178.0500891288393
41000	1181.9116465314873
41100	1185.826338433777
41200	1189.83131517336
41300	1193.9494476107066
41400	1198.1788364318782
41500	1202.3529201386846
41600	1206.5268202077714
41700	1210.8020152333775
41800	1214.9445471056388
41900	1219.046374571044
42000	1223.1253672054154
42100	1227.2021158211865
42200	1231.236401346221
42300	1235.350204351591
42400	1239.549757950881
42500	1243.7779141424107
42600	1247.990460038127
42700	1252.2847003820352
42800	1256.5992674096487
42900	1260.7921671280637
43000	1265.1099660307518
43100	1269.2890277049737
43200	1273.5115197976702
43300	1277.7839598681894
43400	1282.1563753520604
43500	1286.5038667658227
43600	1290.6602871973882
43700	1294.776362503413
43800	1298.7835937491618
43900	1302.8050803725491
44000	1306.725363977952
44100	1310.6109037357382
44200	1314.5237382124178
44300	1318.4797554481775
44400	1322.6854908328387
44500	1327.0773569940357
44600	1331.6031528542517
44700	1336.0888380623073
44800	1340.3738265006687
44900	1344.5619123672368
45000	1348.553276665043
45100	1352.6277761944802
45200	1356.8639812457259
45300	1361.1591652549687
45400	1365.4907933150535
45500	1370.0060129969497
45600	1374.4592736383202
45700	1378.885439415113
45800	1383.3152924669557
45900	1387.69859723415
46000	1391.945334449818
46100	1396.1546924470458
46200	1400.3388997892034
46300	1404.610935847857
46400	1408.8725563589833
46500	1413.1976058736327
46600	1417.4896095132572
46700	1421.7744800551445
46800	1425.9978928438504
46900	1430.2681812890805
47000	1434.6390874285134
47100	1439.034970780369
47200	1443.477751739556
47300	1447.8531890556915
47400	1452.1707874775748
47500	1456.305069508846
47600	1460.5047088849824
47700	1464.60483846016
47800	1468.8351487110485
47900	1473.1449565848452
48000	1477.4261245300877
48100	1481.7530309562571
48200	1486.0895137047046
48300	1490.2866970891482
48400	1494.5719770620344
48500	1498.8634752571234
48600	1503.2383417332312
48700	1507.5973498273524
48800	1512.0862430543057
48900	1516.505262947583
49000	1520.9923907915363
49100	1525.3215899841161
49200	1529.4504379979917
49300	1533.3777822353295
49400	1537.3395704962313
49500	1541.1468481809134
49600	1545.114359313855
49700	1548.9693856859813
49800	1553.0311975531513
49900	1557.019933772157
50000	1560.957560681447
50100	1565.0100987381884
50200	1568.976495509618
50300	1573.0495894892956
50400	1577.0202480396256
50500	1580.920992759522
50600	1584.737654366705
50700	1588.437276478915
50800	1591.9886027699104
50900	1595.4809820851078
51000	1598.966377803241
51100	1602.4340204218752
51200	1605.758994935546
51300	1609.223429271835
51400	1612.6193427682738
51500	1616.0426086264197
51600	1619.5974831030471
51700	1623.212178828253
51800	1626.8699482289376
51900	1630.6015181900002
52000	1634.278946333914
52100	1638.1475628802436
52200	1642.1055294029647
52300	1646.1495492607937
52400	1650.1629046063754
52500	1654.005585863837
52600	1657.7303401101963
52700	1661.405990820378
52800	1664.9607726584072
52900	1668.3425817189272
53000	1672.0390484450618
53100	1675.9499935730128
53200	1679.8463029112318
53300	1683.7807996619376
53400	1687.775288787845
53500	1691.7767037102021
53600	1695.888060252415
53700	1699.9079743332695
53800	1703.8951650437084
53900	1707.7174771371065
54000	1711.5610726037994
54100	1715.3987258226844
54200	1719.2841901225038
54300	1722.9659666435327
54400	1726.7177199057187
54500	1730.5226761871018
54600	1734.3178077306948
54700	1738.0899936094065
54800	1741.8510160047445
54900	1745.6329777094652
55000	1749.4577843493898
55100	1753.4772010027664
55200	1757.5335521179368
55300	1761.5446629898506
55400	1765.5223462744034
55500	1769.63556184154
55600	1773.6716583030066
55700	1777.6687651135726
55800	1781.6350477219094
55900	1785.595629681542
56000	1789.4873569860938
56100	1793.332426433335
56200	1797.1252105921158
56300	1801.05790563731
56400	1804.965979704517
56500	1809.0872174192918
56600	1813.2086847034516
56700	1817.3165241898969
56800	1821.3608303780202
56900	1825.4866952138836
57000	1829.4972424581647
57100	1833.4808265208849
57200	1837.2752715544193
57300	1841.025378454011
57400	1844.7453768377309
57500	1848.2204309091321
57600	1851.9624255148228
57700	1855.7313289202284
57800	1859.357721186825
57900	1862.934675552242
58000	1866.48255245795
58100	1869.908466016641
58200	1873.4716551250895
58300	1877.060436634114
58400	1880.5271227381309
58500	1884.0942190386704
58600	1887.7509180563502
58700	1891.4521960670245
58800	1895.3558843351202
58900	1899.2440351079567
59000	1903.1832432244555
59100	1907.0000916925492
59200	1910.94664937997
59300	1914.969786411326
59400	1919.1051953835995
59500	1923.1315542366938
59600	1927.147624307545
59700	1931.0355344823329
59800	1934.8617822208907
59900	1938.4224673973513
60000	1942.0304311331129
60100	1945.7984148307587
60200	1949.5313861332834
60300	1952.926552505698
60400	1956.4306445436087
60500	1960.0084741180763
60600	1963.5917234160588
60700	1967.2317803157493
60800	1971.073661254195
60900	1975.001926999772
61000	1978.7494241454988
61100	1982.591530243575
61200	1986.2968237497262
61300	1989.899971398292
61400	1993.5892253998318
61500	1997.2624885622063
61600	2000.9384373411885
61700	2004.659135120979
61800	2008.1934640012332
61900	2011.4293308620108
62000	2014.7910663145594
62100	2018.1878083053161
62200	2021.446424921567
62300	2024.6706862453138
62400	2027.9845728806686
62500	2031.388268580311
62600	2034.6613103704294
62700	2037.9179187850677
62800	2041.14309908438
62900	2044.2192285667406
63000	2047.1986967379344
63100	2050.1422733435174
63200	2053.220441198151
63300	2056.1564686871716
63400	2059.1094921611366
63500	2062.131948631257
63600	2065.1363701327355
63700	2068.051858213905
63800	2070.987612547353
63900	2073.9241648692987
64000	2077.1469428534037
64100	2080.2527276776964
64200	2083.4920214417507
64300	2086.4880815737415
64400	2089.5576361032436
64500	2092.527654386533
64600	2095.4811313531245
64700	2098.3895775291603
64800	2101.3151023336686
64900	2104.396777010523
65000	2107.312082043907
65100	2110.1869964795187
65200	2113.249747071706
65300	2116.0431890562177
65400	2118.6945750050363
65500	2121.3662460024934
65600	2123.947675534466
65700	2126.6260061230278
65800	2129.246914006828
65900	2132.007222109998
66000	2134.719431569858
66100	2137.4744373707217
66200	2140.01863249694
66300	2142.8939214851125
66400	2145.607073703315
66500	2148.2017697727424
66600	2150.8945243908674
66700	2153.8672710226383
66800	2156.8887192116235
66900	2160.035815288371
67000	2163.0418716098648
67100	2165.8144747511833
67200	2168.5704389609746
67300	2171.4152987376438
67400	2174.2323551468435
67500	2177.0505101540475
67600	2179.8098584008985
67700	2182.8578521544114
67800	2185.9632955811103
67900	2189.0053830773104
68000	2191.8256615663995
68100	2194.4949462446966
68200	2197.252671851311
68300	2199.8198111655074
68400	2202.5361797766527
68500	2205.108802995761
68600	2207.681141802692
68700	2210.2050714004436
68800	2212.5403908214066
68900	2214.799823003763
69000	2216.9787486562273
69100	2219.333737780631
69200	2221.6988609867985
69300	2224.1269284423324
69400	2226.700394206797
69500	2229.2448862761375
69600	2231.853701138636
69700	2234.5729002930457
69800	2237.1881552003906
69900	2239.65258129267
70000	2242.098212102719
70100	2244.6315798654687
70200	2247.4529426042573
70300	2250.3688813892077
70400	2253.116946173599
70500	2255.8199370245566
70600	2258.4593341958243
70700	2261.2179383462644
70800	2263.8397830133326
70900	2266.3721388541744
71000	2268.8624509458896
71100	2271.4227606081986
71200	2274.007681498013
71300	2276.946503859421
71400	2279.9925394687452
71500	2283.125269117765
71600	2286.22729589598
71700	2289.2729550674558
71800	2292.5155504399445
71900	2295.837363365805
72000	2299.3404526159866
72100	2302.75930528302
72200	2306.02136170835
72300	2309.177563956124
72400	2312.423717759142
72500	2315.718389734975
72600	2319.0330954346573
72700	2322.2773804575554
72800	2325.7216778583243
72900	2329.176837835461
73000	2332.646554685256
73100	2336.2082758372417
73200	2339.5647057132446
73300	2342.703924623318
73400	2345.952026548097
73500	2349.2775545830955
73600	2352.893639714981
73700	2356.403675618407
73800	2359.5563842086704
73900	2362.580154055846
74000	2365.3790970872506
74100	2368.1329515992547
74200	2371.0568126668804
74300	2373.90280343988
74400	2376.5046518217423
74500	2379.2034140649484
74600	2381.799849027593
74700	2384.522897038376
74800	2387.277825889003
74900	2389.8491543115233
75000	2392.478651919926
75100	2395.0581758676562
75200	2397.4108772760956
75300	2399.9802575398353
75400	2402.675156332669
75500	2405.2204232076765
75600	2407.7258383434964
75700	2410.012226371444
75800	2412.385175678006
75900	2414.4610778830247
76000	2416.744063211023
76100	2419.0946170799434
76200	2421.3937522545457
76300	2423.6528066296596
76400	2425.9180824044743
76500	2428.195884755114
76600	2429.9978006414603
76700	2431.652117959922
76800	2433.3330397989484
76900	2435.0398280272493
77000	2436.5145458722254
77100	2437.9300524996943
77200	2439.4316216994775
77300	2440.7322694942122
77400	2442.0733686033054
77500	2443.4507943541976
77600	2444.917710056703
77700	2446.419596392312
77800	2448.131943085289
77900	2449.8602905987645
78000	2451.3624786087894
78100	2452.878861444595
78200	2454.611418911605
78300	2456.436950181029
78400	2458.3886784164933
78500	2460.2642986958963
78600	2462.078099312377
78700	2463.973766932264
78800	2466.066969079897
78900	2467.993440159713
79000	2469.9498477351153
79100	2471.5653755108942
79200	2473.1258233714616
79300	2474.7959839055547
79400	2476.384558562422
79500	2478.061655722675
79600	2479.627480110852
79700	2480.9118855639244
79800	2481.9897508359863
79900	2483.073331987136
80000	2484.18656403129
80100	2485.3534971813788
80200	2486.3454720886075
80300	2487.3290374845965
80400	2487.868976729631
80500	2488.3873375598923
80600	2488.708862561267
80700	2488.8660289056133
80800	2489.114681439183
80900	2489.353023910313
81000	2489.649347734463
81100	2490.0736615469214
81200	2490.465555837902
81300	2491.0472511392436
81400	2491.640042892366
81500	2492.278704501048
81600	2492.7205588927027
81700	2493.231804660929
81800	2493.621247484756
81900	2494.24048949359
82000	2495.0090213952935
82100	2495.443794301187
82200	2495.761383039353
82300	2495.9188177810283
82400	2496.421633297403
82500	2496.9863660888514
82600	2497.8272545821383
82700	2498.4579761026544
82800	2498.808597587922
82900	2499.355162818567
83000	2499.4749987534597
83100	2499.7239168267115
83200	2499.8160110875615
83300	2499.7024991729413
83400	2499.381006246025
83500	2498.922374739952
83600	2498.7939712817897
83700	2498.6872850638465
83800	2498.7483148442698
83900	2498.8717713682563
84000	2499.2038109629066
84100	2499.6798316314816
84200	2500.2437154612853
84300	2500.8242294738884
84400	2501.233954070485
84500	2501.504167547624
84600	2501.7885706996312
84700	2502.0661011369666
84800	2502.3215427607065
84900	2502.553033553704
85000	2502.8133246104117
85100	2503.218663322914
85200	2503.567042989249
85300	2503.943067816901
85400	2504.473415433662
85500	2505.027647284209
85600	2505.6724941124558
85700	2506.6032455759705
85800	2507.317339272704
85900	2508.0957818803145
86000	2508.469956699584
86100	2509.0335974849295
86200	2509.4442499455763
86300	2509.9396839663386
86400	2510.6525237889728
86500	2511.2335913744755
86600	2511.8754405359505
86700	2512.515552282275
86800	2513.274096082314
86900	2514.2950782172265
87000	2515.5609656230663
87100	2517.0898048577947
87200	2518.741716967488
87300	2520.2929471950047
87400	2522.008166856307
87500	2523.9108718119096
87600	2525.7126543667982
87700	2527.5176695564296
87800	2529.7909689226653
87900	2531.980835107679
88000	2534.324050684576
88100	2536.5313705002773
88200	2538.4561997349374
88300	2540.216522671806
88400	2541.8265258124447
88500	2543.3418731142883
88600	2545.0665938088787
88700	2546.5206893425784
88800	2548.4032338309917
88900	2550.273538499372
89000	2552.2849238575436
89100	2554.427297755028
89200	2556.2209612067672
89300	2558.0838889151346
89400	2559.9631348086987
89500	2561.8670388433966
89600	2563.8631003877963
89700	2565.9283769166796
89800	2567.8532166325604
89900	2569.6967632314772
90000	2571.453985743923
90100	2573.363450612349
90200	2575.451295959996
90300	2577.4770677165943
90400	2579.413188987528
90500	2581.4235492167063
90600	2583.485885522561
90700	2585.729008226772
90800	2588.138555271027
90900	2590.726799261989
91000	2593.1521412332077
91100	2595.681466924725
91200	2598.3865945510915
91300	2600.8836529947002
91400	2603.057809920865
91500	2605.3390048097353
91600	2607.663633715245
91700	2609.874427167815
91800	2611.945156781061
91900	2613.995952519006
92000	2615.965003345569
92100	2617.6348814648227
92200	2619.4749340814888
92300	2621.3733783607604
92400	2623.1585345405038
92500	2625.0329658016562
92600	2626.9834118606523
92700	2629.0476503437967
92800	2631.0440642067697
92900	2633.1522561097518
93000	2635.1637636085507
93100	2636.6516772775794
93200	2638.4673644486465
93300	2640.3057557568536
93400	2642.1900645840215
93500	2643.795153769315
93600	2645.3517005144386
93700	2646.774966046738
93800	2647.997776756645
93900	2649.346255683631
94000	2651.0548737935605
94100	2653.0513233710662
94200	2655.026573156647
94300	2656.708047500928
94400	2658.579294875439
94500	2660.204338715237
94600	2661.82493971847
94700	2663.5939374560257
94800	2665.173148843751
94900	2666.9396487904014
95000	2668.651593975548
95100	2670.57551345299
95200	2672.3159526881063
95300	2674.2313658536877
95400	2676.4028162600007
95500	2678.4257672986714
95600	2680.373183955264
95700	2682.4362734272145
95800	2684.2578667231137
95900	2686.2107565187616
96000	2687.9832016665605
96100	2689.935812439886
96200	2691.754491892818
96300	2693.745670521632
96400	2695.7904738429934
96500	2697.7583537627943
96600	2699.7740234351368
96700	2701.96020528581
96800	2704.1914028187166
96900	2706.4786127592088
97000	2708.71161864209
97100	2710.6863712617196
97200	2712.642102993268
97300	2714.7423017914407
97400	2717.0835789468256
97500	2719.5805110877845
97600	2721.978951177385
97700	2724.1272448615055
97800	2726.5666675420944
97900	2728.929062577372
98000	2731.3196121941437
98100	2733.978954046208
98200	2736.2642584443092
98300	2738.190956077364
98400	2740.25749992911
98500	2742.26228520734
98600	2744.6179066413315
98700	2746.7557287897216
98800	2749.065185534244
98900	2751.3968297418905
99000	2753.6427003060817
99100	2755.5514830807806
99200	2757.781362856156
99300	2759.831328212633
99400	2761.7378926830133
99500	2763.6505521108047
99600	2765.921742248058
99700	2768.142502867966
99800	2770.596843555104
99900	2772.9084328187164
100000	2774.7847551252926
100100	2776.8603810809436
100200	2778.806746230519
100300	2780.854364379775
100400	2782.706871353672
100500	2784.521490387153
100600	2786.191303354746
100700	2787.815974198689
100800	2789.6703494542744
100900	2791.4263991766493
101000	2793.331807479728
101100	2795.295928653679
101200	2797.065625928866
101300	2798.727829901327
101400	2800.2352758143097
101500	2801.4779589758837
101600	2803.019521050679
101700	2804.6004561042646
101800	2805.8001482993714
101900	2806.9538030707627
102000	2808.2676520588575
102100	2809.1993572171195
102200	2810.425907662837
102300	2811.3715761159547
102400	2812.212896700017
102500	2812.945585913607
102600	2813.4209625052754
102700	2813.9390837544343
102800	2814.3940352860373
102900	2814.959632439015
103000	2815.572156575334
103100	2816.274885130464
103200	2816.9320965873776
103300	2817.6051318902173
103400	2818.4437964318204
103500	2818.9310170605895
103600	2819.3086871740525
103700	2819.4785778353107
103800	2819.9389195448603
103900	2820.6663739235955
104000	2821.158448291011
104100	2821.2303791393642
104200	2821.4347278283676
104300	2821.802412513178
104400	2822.0965966217336
104500	2822.543668086815
104600	2822.656175608223
104700	2822.860388712259
104800	2822.9986436901963
104900	2823.011152228457
105000	2822.9138459241367
105100	2822.9793298392906
105200	2823.2616474801907
105300	2823.1905483888113
105400	2823.113864825049
105500	2823.4811989220325
105600	2823.6619239731226
105700	2823.745206288644
105800	2824.0524418292916
105900	2823.776572613104
106000	2823.325113635394
106100	2823.2839226701763
106200	2823.522316794668
106300	2823.7211269695545
106400	2824.0369578269892
106500	2824.6153871719725
106600	2825.021285950206
106700	2825.3875589453382
106800	2825.4469104745076
106900	2825.7483498575166
107000	2825.8444453064003
107100	2825.928169691644
107200	2826.0045359989745
107300	2826.0221037542797
107400	2826.411432866298
107500	2826.25521395565
107600	2825.7894179680734
107700	2825.500641115592
107800	2825.281575384899
107900	2824.9470297623775
108000	2824.8514836672693
108100	2824.717938898597
108200	2824.5940357476356
108300	2824.3167056805105
108400	2824.146588794596
108500	2824.1299047585344
108600	2824.144769535109
108700	2823.9652258450515
108800	2823.8323788410053
108900	2823.450780676678
109000	2822.8952720504603
109100	2822.5142211276107
109200	2822.2338618718786
109300	2821.62396241253
109400	2820.998153618013
109500	2820.5422203312046
109600	2819.9784384539817
109700	2819.402059844928
109800	2818.6710037323646
109900	2817.724430667353
110000	2816.652080527798
110100	2815.6344581588055
110200	2814.896065047884
110300	2813.8176416542847
110400	2812.8628931074054
110500	2811.706979212817
110600	2810.1627667227876
110700	2808.4764828449697
110800	2806.3045561320614
110900	2804.2369005557266
111000	2802.1957760674413
111100	2800.1910371205304
111200	2798.2648297405103
111300	2796.9569190409966
111400	2795.6843167012557
111500	2794.6447341990424
111600	2794.0422643707716
111700	2793.7454311600304
111800	2793.44169662497
111900	2793.301389843051
112000	2792.9293298567645
112100	2792.454663675453
112200	2792.191962104116
112300	2791.8855961353984
112400	2791.564127865713
112500	2791.232221193728
112600	2790.867255533696
112700	2790.466474558343
112800	2789.8700444225105
112900	2789.5342430758756
113000	2789.0285545628867
113100	2788.071897032729
113200	2787.0668582555954
113300	2786.163512946572
113400	2785.3923392902943
113500	2784.768360744929
113600	2784.042560857779
113700	2783.077427761862
113800	2782.257372115506
113900	2781.5939710673993
114000	2780.7848627848434
114100	2779.8185328204418
114200	2779.1210313152405
114300	2777.987602872832
114400	2776.938885570795
114500	2776.2576920335996
114600	2775.762251823093
114700	2775.2817267803475
114800	2774.543806032976
114900	2773.8290440549026
115000	2773.0612213565037
115100	2772.468189034669
115200	2771.9680459607043
115300	2771.487375958881
115400	2771.1944638047135
115500	2770.8180674162577
115600	2770.828143464052
115700	2771.134501223627
115800	2771.4194497097633
115900	2771.635217220173
116000	2772.070156598813
116100	2772.9177454152377
116200	2773.989607022144
116300	2775.694146922673
116400	2777.449552108359
116500	2779.3801815417246
116600	2781.1756988969864
116700	2783.0083010084927
116800	2785.179267724394
116900	2787.5758089265437
117000	2789.5531450310373
117100	2791.625951839902
117200	2793.670244905399
117300	2795.614932455239
117400	2797.4344006644096
117500	2799.3846220325795
117600	2800.9557825350785
117700	2802.394517550245
117800	2804.174072539259
117900	2806.0496730114683
118000	2808.106251447869
118100	2810.0202212542645
118200	2811.72050224751
118300	2813.5817989847274
118400	2815.2960681979894
118500	2816.8482350053964
118600	2818.2887922912487
118700	2819.83676326141
118800	2821.7658956691157
118900	2823.8946772296913
119000	2826.1729677703697
119100	2828.496691874927
119200	2830.5086166122346
119300	2832.5293877194636
119400	2834.6841875558603
119500	2837.050439170911
119600	2839.7479813019745
119700	2842.3996008257964
119800	2845.0428707977408
119900	2847.7349279168993
120000	2850.608658740064
120100	2853.0753011530032
120200	2855.4347900390276
120300	2857.3984168408206
120400	2859.483985168801
120500	2861.62712383084
120600	2863.9782477841945
120700	2866.1562030855566
120800	2868.6049203574075
120900	2871.213466819725
121000	2873.6196830524714
121100	2875.771811455721
121200	2877.6933818274993
121300	2879.7590749045485
121400	2881.7845246269135
121500	2883.585642174934
121600	2885.455164328334
121700	2887.578952233831
121800	2889.4563877620967
121900	2891.222663533117
122000	2892.934863823233
122100	2894.524939061608
122200	2895.8592901679804
122300	2897.8424499484827
122400	2899.9648102798383
122500	2901.985439990007
122600	2904.0216330838157
122700	2906.096365285688
122800	2908.3896295812447
122900	2910.4263353868155
123000	2911.9265928866225
123100	2913.6459765778272
123200	2915.432979366218
123300	2917.5002545088064
123400	2919.437406936253
123500	2921.693169116159
123600	2924.0037072929554
123700	2926.2463615400484
123800	2928.7343155496055
123900	2931.2272125960444
124000	2933.661784276017
124100	2936.078268391022
124200	2938.4494681661017
124300	2940.7408945602365
124400	2943.159090952191
124500	2945.83842712763
124600	2948.50395557296
124700	2950.9178099198034
124800	2953.258839056769
124900	2956.2124173517223
125000	2959.1557390287635
125100	2962.5588125926442
125200	2966.4231289122254
125300	2970.1039502179483
125400	2974.083386919345
125500	2978.216233443527
125600	2981.927071224258
125700	2985.717838218494
125800	2989.880755672988
125900	2994.211809264205
126000	2998.7486470571603
126100	3003.2399513934506
126200	3007.7073517176905
126300	3012.19292384421
126400	3016.866123938351
126500	3021.5528300282313
126600	3026.2672345759347
126700	3031.1195036690915
126800	3036.0400204262696
126900	3040.820829810633
127000	3045.920506946917
127100	3050.946300696174
127200	3056.068263074092
127300	3060.6858652600204
127400	3065.064444399206
127500	3069.5973076887312
127600	3074.0527273748303
127700	3078.650392698415
127800	3083.1911811259924
127900	3087.8885489640525
128000	3092.953583418217
128100	3097.959792503796
128200	3102.8311121488805
128300	3107.627001023444
128400	3112.431311636523
128500	3117.28599453863
128600	3122.2030375335016
128700	3127.1382014423725
128800	3132.0691425130935
128900	3137.020808061352
129000	3142.1442757245386
129100	3147.391887713922
129200	3152.7556587033905
129300	3157.7215014846297
129400	3162.6873902390944
129500	3167.640135597321
129600	3172.470688815869
129700	3177.4837845353177
129800	3182.46784616058
129900	3187.347088415525
130000	3191.856327078305
130100	3196.3077945741825
130200	3200.4322971335496
130300	3204.5676877772203
130400	3208.785222483217
130500	3212.9373116154457
130600	3217.2006251473795
130700	3221.7167691427167
130800	3226.321871633234
130900	3230.6972231516265
131000	3235.3118365018163
131100	3239.850995884335
131200	3244.4828156481963
131300	3249.311024926894
131400	3254.235099592188
131500	3259.3702347532962
131600	3264.5303985313512
131700	3269.718855199695
131800	3274.832047030097
131900	3279.6618835686822
132000	3284.6288706233026
132100	3289.371804465016
132200	3294.0056617516675
132300	3298.818323217798
132400	3303.511423126969
132500	3308.36816823174
132600	3313.2873068718472
132700	3317.912617850001
132800	3322.497648526798
132900	3326.7384553517913
133000	3330.693288314389
133100	3334.63690411055
133200	3338.2930202041753
133300	3341.695901195926
133400	3345.2024407002027
133500	3348.8585351208458
133600	3352.754323605681
133700	3356.8206247439957
133800	3360.926487596298
133900	3365.1867079036892
134000	3369.7699351763586
134100	3374.5190875866683
134200	3379.91077303316
134300	3385.2433269273024
134400	3390.4667897991603
134500	3395.720102476713
134600	3401.011328682187
134700	3406.2783716097474
134800	3411.598786156799
134900	3416.892363304505
135000	3422.324439814489
135100	3427.908607527963
135200	3433.458286621608
135300	3439.112133752147
135400	3445.084364823648
135500	3450.58420337399
135600	3456.2305732397363
135700	3461.948976121028
135800	3467.691285586043
135900	3473.6757621758734
136000	3479.5159835043596
136100	3485.5192630462698
136200	3491.3374091625446
136300	3497.2393377812114
136400	3503.0912444751593
136500	3508.703781810298
136600	3514.299404053425
136700	3519.98437771562
136800	3525.723276841629
136900	3531.839792720566
137000	3538.1093117809505
137100	3544.2766445812886
137200	3550.2230962620233
137300	3556.0026778163738
137400	3561.8615637411713
137500	3567.821794534859
137600	3574.0596898578224
137700	3580.7183334542788
137800	3587.378936622641
137900	3594.2270637720358
138000	3601.33829987637
138100	3608.4896578386542
138200	3615.6130387182347
138300	3622.696128776297
138400	3629.9927085267846
138500	3637.3740095433895
138600	3645.2082278181333
138700	3653.7022455160622
138800	3662.3655975892907
138900	3670.9991428098874
139000	3679.8958825482405
139100	3688.838588274608
139200	3697.9282289317925
139300	3706.9290653191856
139400	3715.9721039830474
139500	3724.679128188174
139600	3732.9562882222235
139700	3741.261933415779
139800	3749.52517849789
139900	3757.8628733209916
140000	3766.042530752253
140100	3774.4870967986644
140200	3782.7911299704574
140300	3791.075107215729
140400	3799.297516482882
140500	3807.586633808445
140600	3816.166418431443
140700	3825.028286792047
140800	3834.0543286428438
140900	3843.052031543164
141000	3852.082026512013
141100	3861.376721508859
141200	3870.834025495744
141300	3880.1767839588574
141400	3889.3521752551896
141500	3898.7067060791305
141600	3907.8186985161155
141700	3916.9656290847925
141800	3926.1918680272065
141900	3935.393144103349
142000	3944.6037518186495
142100	3953.346112440049
142200	3962.122220728197
142300	3970.9599890746176
142400	3979.570060238242
142500	3988.3770438870415
142600	3997.2857354191947
142700	4006.2404038305976
142800	4014.7753854998737
142900	4023.6819432332995
143000	4033.107619672839
143100	4042.3601688150666
143200	4051.86583783041
143300	4061.4335331455222
143400	4071.049970097025
143500	4080.1542824665667
143600	4089.107091878075
143700	4097.904170196562
143800	4106.906260210613
143900	4116.009646153252
144000	4124.97077648202
144100	4133.953103444306
144200	4143.25457860413
144300	4152.6501064554905
144400	4161.677128491458
144500	4170.7019070725655
144600	4179.49259982846
144700	4188.386671481654
144800	4197.8203027630225
144900	4207.169356722035
145000	4216.496102094592
145100	4225.751459858962
145200	4234.935224016022
145300	4243.955752543232
145400	4252.733941623592
145500	4261.763382492587
145600	4270.538133347232
145700	4279.036503392621
145800	4287.065590830927
145900	4295.330552569183
146000	4303.989252454718
146100	4312.639809902059
146200	4320.9879498441005
146300	4329.187401166651
146400	4337.796501638426
146500	4346.953558016277
146600	4355.55477022921
146700	4363.9117269954295
146800	4371.81568019226
146900	4379.778416357294
147000	4387.748234418279
147100	4396.020672772895
147200	4404.387328626879
147300	4412.432145247585
147400	4420.4681552351685
147500	4428.641695122293
147600	4436.739315046696
147700	4444.740268693946
147800	4452.402090643765
147900	4460.1836886986275
148000	4467.743721773149
148100	4475.647869291599
148200	4482.973991662788
148300	4490.755123919982
148400	4498.903456984321
148500	4507.064980895782
148600	4515.142031937023
148700	4523.57032952935
148800	4531.880509564013
148900	4540.237765015685
149000	4548.571072437684
149100	4556.908904874639
149200	4565.423115402518
149300	4573.673312800995
149400	4582.070064363186
149500	4590.585058484285
149600	4599.222948735929
149700	4608.256179069518
149800	4617.315120842191
149900	4626.275862700539
150000	4635.387634318497
150100	4644.146145357343
150200	4653.124151473341
150300	4661.900294770545
150400	4670.472861660877
150500	4679.2058612213
150600	4687.789573959075
150700	4696.600800858461
150800	4705.368524326186
150900	4714.075086372497
151000	4722.256147847453
151100	4730.4624653733335
151200	4738.269439472002
151300	4746.049509479955
151400	4753.980992163997
151500	4761.880011808593
151600	4769.248393534392
151700	4777.30110950605
151800	4785.136958118004
151900	4793.128393675957
152000	4800.5750854624785
152100	4807.752433771151
152200	4815.268797243247
152300	4823.151584364474
152400	4831.091698866512
152500	4839.277563711454
152600	4847.384416117566
152700	4855.3067559938645
152800	4863.056526464119
152900	4870.709171647148
153000	4878.0088547942
153100	4885.282761132461
153200	4892.182106995722
153300	4898.891996939958
153400	4905.7610120038735
153500	4912.421935514605
153600	4919.26449681574
153700	4926.153892269707
153800	4933.061813267064
153900	4939.778614111594
154000	4947.106805056392
154100	4954.100417777838
154200	4961.264993088436
154300	4968.42955461971
154400	4975.377322102606
154500	4982.118774727976
154600	4989.088894563029
154700	4995.774864727457
154800	5002.427447049762
154900	5009.578333214158
155000	5016.8018509114045
155100	5023.581053532951
155200	5030.684831334103
155300	5037.92064789217
155400	5045.223528152681
155500	5052.140658087505
155600	5059.222914544749
155700	5066.164407773875
155800	5073.0868781436
155900	5080.365386130754
156000	5087.093406711239
156100	5093.833299494872
156200	5101.272561948805
156300	5108.914052356617
156400	5116.950226034212
156500	5124.65543008846
156600	5132.209477295226
156700	5139.835822344117
156800	5146.98774335807
156900	5154.02830243879
157000	5161.143311901542
157100	5168.628563722537
157200	5175.074245802243
157300	5181.60541986255
157400	5188.157008408976
157500	5194.716344833141
157600	5201.438951813383
157700	5208.502522172872
157800	5215.835879574937
157900	5222.8757105980185
158000	5230.281174156
158100	5237.637405526009
158200	5244.588474245393
158300	5251.460323993058
158400	5258.365109746286
158500	5265.161827408127
158600	5271.870882504794
158700	5278.7814999130205
158800	5285.39611564629
158900	5291.516728745773
159000	5297.497670875746
159100	5303.181699619454
159200	5308.694960307854
159300	5314.151863485633
159400	5320.096303636034
159500	5326.3130883139675
159600	5332.812352499634
159700	5339.791284022969
159800	5347.123613482749
159900	5354.186780708027
160000	5361.257457123604
160100	5368.438800941163
160200	5375.879639316001
160300	5383.357154516212
160400	5390.714472377091
160500	5397.867701636103
160600	5404.867026311113
160700	5412.17190871737
160800	5419.2296668311465
160900	5426.615758055123
161000	5433.90474863525
161100	5440.847914062731
161200	5448.198650953418
161300	5455.337589672592
161400	5462.378240708436
161500	5469.947430741449
161600	5477.184419254307
161700	5484.274832072784
161800	5491.0166400651215
161900	5497.240734089864
162000	5503.246290047129
162100	5509.43590991199
162200	5515.552709573414
162300	5521.962599653751
162400	5528.143731663527
162500	5534.754244224518
162600	5540.905329029425
162700	5546.836879420793
162800	5553.0116121158935
162900	5559.0802053391235
163000	5565.412279774959
163100	5571.7203201680095
163200	5578.5841443134705
163300	5585.56538561621
163400	5592.71955794259
163500	5599.793750892568
163600	5606.918453223654
163700	5614.536925944965
163800	5622.033365736599
163900	5629.675724900793
164000	5637.420308759378
164100	5644.884139553993
164200	5652.602069151413
164300	5660.083039701334
164400	5667.5200134126935
164500	5675.116553281376
164600	5683.107282428944
164700	5691.15154246398
164800	5699.122882816417
164900	5707.892333428434
165000	5716.7952771032
165100	5725.336219521472
165200	5734.018088026962
165300	5742.877689703309
165400	5751.6564541106345
165500	5760.370803663041
165600	5769.3926281006425
165700	5778.684646175359
165800	5788.039897344541
165900	5797.066743278061
166000	5806.434855454718
166100	5816.021060691157
166200	5825.917752052832
166300	5836.353165898938
166400	5846.755834173935
166500	5857.0500629851595
166600	5867.685152417398
166700	5878.40859192604
166800	5889.494535585924
166900	5900.38448727713
167000	5910.899585199484
167100	5921.068785883661
167200	5931.1541791919735
167300	5940.502532575803
167400	5950.125335524208
167500	5959.581988332211
167600	5968.875084905478
167700	5979.28533705615
167800	5990.083873757103
167900	6001.963311751315
168000	6013.814154327381
168100	6025.315304060758
168200	6036.0953376736725
168300	6047.406318312394
168400	6058.4353571079555
168500	6069.736210454197
168600	6080.923043696734
168700	6092.035267615283
168800	6103.585356169089
168900	6115.403838011727
169000	6127.598985824618
169100	6140.15426270396
169200	6153.358226580371
169300	6166.644630833238
169400	6180.232348999707
169500	6194.262024961528
169600	6208.259238294209
169700	6221.708931647299
169800	6235.304454672325
169900	6248.236385187774
170000	6260.882180129993
170100	6273.137049719517
170200	6285.261117546412
170300	6297.423916715605
170400	6309.733124766091
170500	6321.067999875697
170600	6331.92254529841
170700	6342.709820034215
170800	6353.476269195264
170900	6364.386827661889
171000	6375.751568231208
171100	6386.91977624048
171200	6398.02609241457
171300	6409.125052367279
171400	6420.077596168208
171500	6430.771847441851
171600	6441.321632414765
171700	6451.824293171056
171800	6461.7631826890865
171900	6471.6876472609
172000	6481.921562134987
172100	6492.725796704937
172200	6503.31215846882
172300	6513.665089453629
172400	6523.412874767964
172500	6533.255651746818
172600	6543.061465436476
172700	6553.229018879356
172800	6563.137308551697
172900	6573.089036068355
173000	6582.883736414486
173100	6592.893654513522
173200	6603.300780248595
173300	6613.305262634647
173400	6623.486316068098
173500	6634.228698218183
173600	6644.356260468543
173700	6653.874143215711
173800	6663.696571961918
173900	6673.397879380267
174000	6683.202774529578
174100	6692.559346254566
174200	6701.7983652321855
174300	6711.079255776596
174400	6719.920731575752
174500	6728.769461471238
174600	6737.0611985047
174700	6745.159944467479
174800	6753.056096678425
174900	6760.9883474595845
175000	6769.433430252073
175100	6777.787685914431
175200	6786.348455381347
175300	6795.572739878204
175400	6803.847529374587
175500	6812.204436858592
175600	6821.011114621768
175700	6829.86043297057
175800	6838.981242183712
175900	6847.93432175857
176000	6856.609859787975
176100	6865.66388298833
176200	6874.894822471018
176300	6883.9399282955565
176400	6893.062720558315
176500	6901.176793263934
176600	6909.223376285692
176700	6918.164380964357
176800	6927.321167249465
176900	6937.048523586011
177000	6946.663274423743
177100	6956.2287333467975
177200	6965.939926376683
177300	6975.945162950142
177400	6985.362675692188
177500	6995.78831722826
177600	7006.122054689273
177700	7016.005451108969
177800	7026.220871793921
177900	7036.794089691131
178000	7047.473286479653
178100	7057.544356760103
178200	7067.372839251475
178300	7077.445382173522
178400	7087.467555246898
178500	7097.932780903066
178600	7108.292744902021
178700	7118.99375044147
178800	7129.867926703882
178900	7141.237672020041
179000	7153.295570597169
179100	7165.9517089680885
179200	7178.965727994859
179300	7191.744657352276
179400	7203.701440385834
179500	7215.297246660572
179600	7227.276526303962
179700	7239.204244665685
179800	7251.2688960314845
179900	7263.069190414797
180000	7275.450536115735
180100	7288.656685129623
180200	7302.339030203642
180300	7315.9978932850645
180400	7329.558873729722
180500	7343.014547900588
180600	7357.203270148253
180700	7371.284027367248
180800	7385.191210712015
180900	7399.441177266592
181000	7413.794756638585
181100	7427.814522587869
181200	7442.02897196851
181300	7456.303723907564
181400	7470.66318830417
181500	7483.560288597248
181600	7496.2038931982825
181700	7509.264914596628
181800	7521.731025437824
181900	7534.311840189854
182000	7545.94350852794
182100	7558.502346337424
182200	7571.33790583309
182300	7583.735521591851
182400	7595.674493961851
182500	7607.908998559811
182600	7621.1110535092885
182700	7634.448960347916
182800	7647.37303558772
182900	7660.429523975239
183000	7673.794176737429
183100	7687.090857704054
183200	7699.589039276703
183300	7711.684155336814
183400	7724.059484433907
183500	7736.44389313244
183600	7749.3929331241525
183700	7761.849559409951
183800	7774.350962879602
183900	7786.670158209745
184000	7800.24842227943
184100	7813.756216013804
184200	7827.720271664031
184300	7841.482614046021
184400	7855.766122570203
184500	7869.8769389144145
184600	7884.602943300211
184700	7899.553567011666
184800	7914.83256257209
184900	7930.117281271145
185000	7944.66583257867
185100	7959.476171631308
185200	7973.86052244273
185300	7987.970342406072
185400	8001.981249891396
185500	8016.477822911984
185600	8030.728932022583
185700	8044.565642437898
185800	8057.97425022081
185900	8071.267141968885
186000	8084.699993344082
186100	8098.220485182828
186200	8111.9283182717045
186300	8126.208246922528
186400	8140.773054711637
186500	8155.065580065071
186600	8169.302735585603
186700	8182.783388640499
186800	8196.70117847604
186900	8210.065017355082
187000	8224.034906439541
187100	8238.91036747396
187200	8253.057733182271
187300	8266.391337827372
187400	8279.444826467312
187500	8292.283158493054
187600	8304.891637327266
187700	8316.459257309267
187800	8328.123813984566
187900	8339.698695313884
188000	8351.151266834815
188100	8361.820566917711
188200	8372.922847835522
188300	8384.25364703394
188400	8394.715029055602
188500	8405.081906346604
188600	8415.069689375407
188700	8425.281029774633
188800	8435.221116541594
188900	8445.904906872718
189000	8456.443235014216
189100	8467.235684413521
189200	8478.857647860947
189300	8490.204388825048
189400	8501.759740838315
189500	8514.466380091559
189600	8527.416089325387
189700	8540.214683344879
189800	8553.746134906192
189900	8567.407893999014
190000	8580.753822075494
190100	8593.764996300626
190200	8607.878387914912
190300	8622.852483837109
190400	8637.089529116638
190500	8650.821928782621
190600	8664.259783869784
190700	8677.840219403326
190800	8690.894628194277
190900	8704.453219152696
191000	8717.820765570737
191100	8730.909036192112
191200	8743.52176302101
191300	8755.971831667237
191400	8767.581693192478
191500	8779.735012000252
191600	8792.57621684682
191700	8806.588134276972
191800	8821.169979513274
191900	8835.306410393154
192000	8848.472815956804
192100	8861.867616932723
192200	8874.48182538664
192300	8887.440399207
192400	8900.773383899883
192500	8913.613826347748
192600	8926.529335444618
192700	8940.06079969299
192800	8952.360932622454
192900	8964.33504704904
193000	8976.518318126618
193100	8987.814447164827
193200	8999.454718117137
193300	9010.55111198785
193400	9021.556933964137
193500	9032.449669471884
193600	9042.492627004161
193700	9052.626615145942
193800	9062.804626614903
193900	9072.917058258608
194000	9083.744801864377
194100	9094.302390747296
194200	9105.469563166029
194300	9116.463208698435
194400	9127.434252095234
194500	9138.595267608005
194600	9149.357134212216
194700	9160.30785193469
194800	9171.494192487618
194900	9181.637674127996
195000	9192.578828577069
195100	9204.105851429456
195200	9216.539112914645
195300	9228.896920307248
195400	9240.863132868952
195500	9252.82167970715
195600	9265.569098503853
195700	9278.272161301575
195800	9290.428426546394
195900	9303.26049306459
196000	9316.288344100758
196100	9330.032961833174
196200	9343.709948372387
196300	9357.135075278347
196400	9370.204257839243
196500	9383.098250631534
196600	9395.733926362067
196700	9408.875426899525
196800	9422.130921523436
196900	9435.738863714447
197000	9449.97918304213
197100	9463.794173714065
197200	9478.299782486458
197300	9493.99919129716
197400	9509.052072922757
197500	9523.868652925827
197600	9538.417069548334
197700	9552.244336145464
197800	9565.45440890378
197900	9577.926913631673
198000	9590.462058487989
198100	9604.102237886458
198200	9617.718960715749
198300	9631.845967739471
198400	9646.400853773346
198500	9661.059903073823
198600	9675.60112722055
198700	9691.932557163702
198800	9707.392166907724
198900	9722.064298153447
199000	9738.189226883347
199100	9753.401995235763
199200	9768.822929057176
199300	9784.591048289556
199400	9800.4423048491
199500	9815.674242331472
199600	9830.676181288727
199700	9846.223892311333
199800	9861.175040350587
199900	9875.264056010055
200000	9889.747854773887
200100	9903.596594086091
200200	9918.102788957709
200300	9932.635333727987
200400	9946.840909056365
200500	9961.702805190289
200600	9975.853309933154
200700	9990.911146278842
200800	10005.831163539377
200900	10020.768442935718
201000	10034.572610112955
201100	10048.139931075275
201200	10060.381854174542
201300	10072.091026519134
201400	10083.856805488816
201500	10095.143861804914
201600	10105.555366103945
201700	10116.151507405797
201800	10126.274539760256
201900	10137.159830578486
202000	10147.093830305792
202100	10156.344146695104
202200	10164.791236960562
202300	10172.796784374514
202400	10181.084122497006
202500	10190.638544881193
202600	10199.687476237246
202700	10208.62233638746
202800	10216.087408329593
202900	10223.537855824805
203000	10230.463446809677
203100	10237.223813557182
203200	10242.621845808171
203300	10247.814896004507
203400	10252.086359644716
203500	10256.187901421217
203600	10260.811782649835
203700	10265.273104694148
203800	10271.35364440683
203900	10276.892613400938
204000	10282.99323586945
204100	10289.114942308224
204200	10294.987976978533
204300	10300.964595468307
204400	10305.35799953551
204500	10309.759052673588
204600	10316.923663006339
204700	10323.982232135953
204800	10331.212933302682
204900	10337.85622139537
205000	10343.805997696938
205100	10349.26276501955
205200	10356.816686980543
205300	10365.250123079808
205400	10371.748287219263
205500	10376.490686502832
205600	10381.364463446313
205700	10385.513475411106
205800	10391.879412470327
205900	10399.98922596511
206000	10407.492971973377
206100	10414.918534742494
206200	10422.013025893248
206300	10429.560972116014
206400	10437.898165427789
206500	10445.5913502482
206600	10452.702429181023
206700	10459.576820028713
206800	10466.513180322421
206900	10473.9503140538
207000	10481.14115455054
207100	10487.557391585258
207200	10495.143055310706
207300	10503.910473842989
207400	10512.002625791938
207500	10519.492503678775
207600	10527.17531783873
207700	10535.1833643649
207800	10545.28420403134
207900	10556.232283578254
208000	10568.10510051687
208100	10579.372266257764
208200	10592.021563055168
208300	10604.229773531202
208400	10614.722331776109
208500	10624.770137664163
208600	10634.810561091115
208700	10645.180345057044
208800	10655.20022545394
208900	10665.698586187093
209000	10675.316289469134
209100	10685.353766835004
209200	10693.756002829468
209300	10701.847287301149
209400	10709.325927820173
209500	10714.67149066471
209600	10719.796250193205
209700	10723.670589334506
209800	10728.488313325855
209900	10733.75082962733
210000	10740.955319247965
210100	10747.153464415984
210200	10754.809400683444
210300	10763.053287096263
210400	10770.724224392325
210500	10778.019406013715
210600	10786.129849730933
210700	10793.97556001041
210800	10802.987619038438
210900	10812.11729335005
211000	10820.780863681925
211100	10827.513587798225
211200	10835.682086446905
211300	10844.040349192335
211400	10854.11013605923
211500	10863.577060576645
211600	10871.421540908748
211700	10878.903004122549
211800	10887.292283475108
211900	10896.143782680272
212000	10905.746331942384
212100	10915.872242132318
212200	10925.52043044183
212300	10936.914489430434
212400	10948.681652757514
212500	10961.522398168396
212600	10971.871018445934
212700	10982.801768409321
212800	10992.569145850546
212900	11002.47843333322
213000	11010.89895108447
213100	11018.089263383707
213200	11025.667735579365
213300	11033.348344957863
213400	11040.904100507323
213500	11046.977236737672
213600	11053.95752533956
213700	11060.743244301237
213800	11065.756070889998
213900	11070.861975931504
214000	11076.615246212517
214100	11084.719284671417
214200	11094.153682900534
214300	11102.908871803083
214400	11109.723173892591
214500	11117.609603057906
214600	11127.223475691862
214700	11137.967739885848
214800	11147.116463410319
214900	11155.365542071173
215000	11164.14452089346
215100	11174.143154639401
215200	11184.531304599077
215300	11193.564325185667
215400	11202.812793481979
215500	11212.85675309581
215600	11221.808084612014
215700	11231.398519127804
215800	11240.438017869834
215900	11248.681911279797
216000	11257.118617444008
216100	11265.00180375774
216200	11273.352817407285
216300	11281.746193053608
216400	11289.751359601389
216500	11297.402909538068
216600	11305.383348473522
216700	11311.663277796237
216800	11317.528979278984
216900	11322.252970206435
217000	11325.51202955196
217100	11327.750984433223
217200	11329.159732199623
217300	11332.358137967996
217400	11333.968162291625
217500	11336.546904737304
217600	11339.127195705834
217700	11341.192242423422
217800	11342.359954375075
217900	11346.729760006652
218000	11349.867990635044
218100	11353.690796050767
218200	11358.184755126538
218300	11361.942476631666
218400	11365.941120615578
218500	11370.150394825381
218600	11375.213487096946
218700	11381.051083188271
218800	11384.57712130755
218900	11391.607167725742
219000	11398.243721499923
219100	11406.538333675358
219200	11413.602818519052
219300	11421.145099604852
219400	11427.690447966394
219500	11434.661292633973
219600	11441.777017524524
219700	11447.85383831046
219800	11453.853807124484
219900	11459.143585851649
220000	11467.456933763286
220100	11477.717438694555
220200	11487.180712475732
220300	11495.264515596442
220400	11502.012380270637
220500	11508.79007313447
220600	11513.229592537682
220700	11517.14602038503
220800	11520.202335919079
220900	11524.379126738058
221000	11529.487623194465
221100	11532.588006538106
221200	11537.614579741494
221300	11541.205732695526
221400	11546.876976487401
221500	11555.383578575274
221600	11564.955998517107
221700	11572.638260231353
221800	11583.233672037313
221900	11593.790034729696
222000	11603.622779759637
222100	11612.534285892732
222200	11622.816371241293
222300	11634.744532317098
222400	11648.909099257551
222500	11664.769944798434
222600	11681.343324090005
222700	11696.594764811103
222800	11711.298325875483
222900	11728.097572417115
223000	11746.248388510605
223100	11765.667493902089
223200	11784.340460066043
223300	11799.41967431968
223400	11813.396430240478
223500	11827.686435410695
223600	11842.495800637174
223700	11859.260137276782
223800	11874.95482099132
223900	11888.626569359214
224000	11902.977292010852
224100	11916.576660367777
224200	11930.03258972388
224300	11943.460575016623
224400	11956.247703808825
224500	11968.978493917442
224600	11985.556065480516
224700	12001.375493427506
224800	12015.57492721948
224900	12030.2951366356
225000	12042.23462410859
225100	12051.570574962534
225200	12064.46791209944
225300	12075.910992335645
225400	12088.644560938003
225500	12101.756891713478
225600	12113.185141516791
225700	12126.190421049192
225800	12139.475755023479
225900	12153.00241421361
226000	12165.079299998353
226100	12176.018394599494
226200	12184.494802019908
226300	12192.39478957461
226400	12202.632249173417
226500	12210.149490825366
226600	12218.490397610585
226700	12226.128617380338
226800	12235.667246040888
226900	12246.18227680371
227000	12258.724319182395
227100	12268.79757739557
227200	12280.251633793174
227300	12295.475747321849
227400	12311.203873757273
227500	12327.340504955733
227600	12341.545686491707
227700	12356.454820946732
227800	12371.87764870812
227900	12388.791337397066
228000	12404.515401233337
228100	12420.195598104037
228200	12436.715916761721
228300	12451.80973762134
228400	12466.735649596958
228500	12482.776588969748
228600	12498.716387878056
228700	12514.55987131875
228800	12529.056386926619
228900	12544.789309129817
229000	12558.45212947554
229100	12573.691286014218
229200	12590.91861600685
229300	12604.752906075679
229400	12615.935283961298
229500	12626.670226601942
229600	12636.399616773415
229700	12645.747252958943
229800	12655.475259801256
229900	12665.319916132546
230000	12671.80399553111
230100	12677.93957404187
230200	12685.350908853463
230300	12691.248605708533
230400	12696.447339323291
230500	12702.96083965362
230600	12708.99286316702
230700	12718.735340379353
230800	12729.046447207918
230900	12736.621811427176
231000	12741.830332486192
231100	12749.217170884891
231200	12753.41900135536
231300	12759.352272038523
231400	12766.610265312425
231500	12777.701320722175
231600	12789.628428622149
231700	12801.077371939027
231800	12812.469069198822
231900	12824.237733616668
232000	12840.946270527085
232100	12856.039219466329
232200	12872.384873842006
232300	12889.57274371176
232400	12905.819646279677
232500	12922.031371398247
232600	12935.882762673427
232700	12947.914236159879
232800	12957.342318643292
232900	12965.499123784015
233000	12979.096016962198
233100	12993.551926891087
233200	13007.359246830747
233300	13020.215781233564
233400	13036.456419247377
233500	13053.882350377506
233600	13070.911308100272
233700	13090.776027792192
233800	13110.020726145245
233900	13132.117675929505
234000	13153.946776702884
234100	13178.334147140267
234200	13203.452825689688
234300	13228.9937160759
234400	13256.92505453201
234500	13280.323628301092
234600	13300.49469696643
234700	13321.562533462478
234800	13343.887420765823
234900	13369.235992048518
235000	13393.060966726043
235100	13421.836960226297
235200	13449.607360005204
235300	13480.58941896155
235400	13510.314221866603
235500	13540.402690541465
235600	13572.110975445947
235700	13608.171928079799
235800	13642.021161257871
235900	13676.737619995547
236000	13715.280138548347
236100	13753.05409115873
236200	13791.618943479727
236300	13830.65799922339
236400	13869.346007245418
236500	13906.824984402687
236600	13952.406095935148
236700	13996.128429182398
236800	14037.279331827653
236900	14072.683468909992
237000	14105.293677837995
237100	14137.646837906796
237200	14170.29109355103
237300	14201.369096973038
237400	14228.00162520929
237500	14254.435058296775
237600	14285.159793943923
237700	14313.962363028782
237800	14342.412080937589
237900	14373.63792008243
238000	14411.226662333589
238100	14445.432215427572
238200	14475.589133836387
238300	14503.586708035553
238400	14529.695907241374
238500	14559.126693695085
238600	14586.829136337969
238700	14614.807427024585
238800	14637.306328083621
238900	14656.583061927056
239000	14679.136455495318
239100	14695.124187858833
239200	14714.46510877373
239300	14733.672701547272
239400	14753.586197619443
239500	14780.215078909416
239600	14808.94409792975
239700	14838.945623214822
239800	14876.663340235187
239900	14913.590562553902
240000	14939.952360751166
240100	14960.694641526265
240200	14979.82736601698
240300	15003.300599568815
240400	15030.142914548633
240500	15053.903546224348
240600	15077.985015357262
240700	15099.37574022275
240800	15123.648870921112
240900	15149.14412524103
241000	15179.829724424693
241100	15212.235917025479
241200	15247.970779802126
241300	15288.518676790176
241400	15328.756661801017
241500	15368.959669602977
241600	15404.478524709702
241700	15442.22685175162
241800	15482.144304411311
241900	15518.069598027214
242000	15551.580834098568
242100	15580.413116651704
242200	15615.45914579765
242300	15646.018983103742
242400	15677.578964957618
242500	15714.4888194034
242600	15757.400563575327
242700	15805.435165861913
242800	15857.497282093565
242900	15909.611229214643
243000	15957.99561789172
243100	16005.21306451998
243200	16054.471274341166
243300	16114.06312762003
243400	16166.33848932333
243500	16214.070560339664
243600	16266.506916855054
243700	16325.007664348464
243800	16382.984717178158
243900	16435.85328039917
244000	16482.373333040043
244100	16529.010234378802
244200	16567.900520623312
244300	16611.14909630653
244400	16660.03075965389
244500	16710.30314386898
244600	16756.64060337539
244700	16812.714345085667
244800	16858.60700709728
244900	16905.009654799127
245000	16947.133028653625
245100	16996.24102984491
245200	17062.154065338196
245300	17113.380458008498
245400	17169.670490807388
245500	17212.877322891203
245600	17259.368541926437
245700	17301.28028555552
245800	17340.279847250786
245900	17372.985227954865
246000	17410.835083422542
246100	17447.291066688078
246200	17489.650568786194
246300	17529.398934953497
246400	17575.532207213633
246500	17642.03791753226
246600	17702.05856982316
246700	17770.34581412963
246800	17835.439829346375
246900	17904.153381194687
247000	17986.15256886388
247100	18084.765607933106
247200	18187.208337107033
247300	18252.06155290542
247400	18310.567673018086
247500	18419.837308759743
247600	18512.84346132673
247700	18589.334011050873
247800	18644.77110620361
247900	18701.369476349966
248000	18763.40545011562
248100	18846.25495553523
248200	18901.091400742298
248300	18977.72957798408
248400	19092.85449420428
248500	19233.572477840004
248600	19361.155244544905
248700	19482.980376682885
248800	19600.35836215614
248900	19739.485053494747
249000	19912.156558168645
249100	20137.636772926373
249200	20365.511595941614
249300	20615.886316072894
249400	20803.930904596637
249500	20970.887566651043
249600	21062.45855490066
249700	21206.77026750124
249800	21525.81011429371
249900	21691.053275751416
250000	21663.76712520793
