# MSD of Single Random Dynabead (H) (Single Random Atom)
LagTime(MCS)	MSD
0	1.1920928955078125e-07
100	2.6237903241999447
200	5.342653612664435
300	8.10669716639677
400	10.860243737814017
500	13.724178921664134
600	16.537391827616375
700	19.314111049519852
800	22.189718188135885
900	25.031685421417933
1000	27.940648362447973
1100	30.896513723069802
1200	33.82764795207186
1300	36.807941214879975
1400	39.73473224189365
1500	42.727693790977355
1600	45.717629140242934
1700	48.771691998059396
1800	51.92553573194891
1900	55.076073915930465
2000	58.219360903894994
2100	61.472586805932224
2200	64.72099815902766
2300	68.01344950590283
2400	71.38883495132904
2500	74.62305932043819
2600	77.86169412196614
2700	81.14024272322422
2800	84.40200288442429
2900	87.53259988687932
3000	90.74986124207499
3100	93.8586908642319
3200	97.01533414702863
3300	100.10332608869066
3400	103.19180523121031
3500	106.3474215043243
3600	109.52392669592518
3700	112.62034160841722
3800	115.78732627513818
3900	119.08413458726136
4000	122.53882598149357
4100	125.90004991536262
4200	129.1564418626367
4300	132.42156187497312
4400	135.64336630515754
4500	138.9276897846139
4600	142.23695070919348
4700	145.71144271327648
4800	149.1411612170632
4900	152.59208521497203
5000	156.05440351960715
5100	159.50840707239695
5200	163.15045018098317
5300	166.67344400723232
5400	170.21721589786466
5500	173.77665793703636
5600	177.36377490899758
5700	180.99276105355239
5800	184.57502833136823
5900	188.1114987776964
6000	191.4835415916168
6100	194.8365894574672
6200	198.15918547089677
6300	201.44337495492073
6400	204.5565886493423
6500	207.60822024103254
6600	210.6636378665571
6700	213.7678338290425
6800	216.96388716937508
6900	220.25239416991826
7000	223.5567393823294
7100	226.74572039587656
7200	230.05020702601178
7300	233.2746510747238
7400	236.49491154495627
7500	239.57299031032017
7600	242.6082150626462
7700	245.7297737482586
7800	248.7075403946801
7900	251.6183883897611
8000	254.43123059725622
8100	257.20375181909185
8200	259.94004497275455
8300	262.6625533050974
8400	265.30438870430226
8500	267.80231307982467
8600	270.3447932053823
8700	272.86077748890966
8800	275.29222217429196
8900	277.64625736436574
9000	280.0050861098571
9100	282.28431086428463
9200	284.5557397431694
9300	286.7870849778992
9400	288.9792150630383
9500	291.1921630197903
9600	293.3267900312203
9700	295.4835069979308
9800	297.546862328134
9900	299.55214902810985
10000	301.51616313215345
10100	303.47607697633794
10200	305.3204083729652
10300	307.13632668129867
10400	308.96285874192836
10500	310.67403275193647
10600	312.3382872781949
10700	313.9481471121544
10800	315.58300545823295
10900	317.2006446653977
11000	318.8682481137803
11100	320.56639733194606
11200	322.20534894324373
11300	323.74565172113944
11400	325.18445318291197
11500	326.61115619773045
11600	328.17035516543547
11700	329.74317180056823
11800	331.31400396634126
11900	332.88469526101835
12000	334.51361295062816
12100	336.21547414688393
12200	337.922015798802
12300	339.5759333408787
12400	341.2594148889184
12500	343.0671483918559
12600	344.72663236106746
12700	346.2648945702822
12800	347.874936974491
12900	349.58484611753374
13000	351.3562540609273
13100	353.0586236412055
13200	354.84069299837574
13300	356.73148861463415
13400	358.67683871189365
13500	360.72003455262166
13600	362.7859946624958
13700	364.8658942654147
13800	366.99060991144506
13900	369.21419760223944
14000	371.52203388680937
14100	373.80378821253544
14200	376.0071701844572
14300	378.3835969681386
14400	380.8056584314909
14500	383.33546674705576
14600	385.9188892733655
14700	388.43937026598724
14800	391.02080322802067
14900	393.50833244493697
15000	395.976524587546
15100	398.1909961865167
15200	400.52498666592874
15300	402.8929471105221
15400	405.4355673683458
15500	408.0269481614814
15600	410.6364274673979
15700	413.3785560700344
15800	416.0260828981409
15900	418.7280919200275
16000	421.38297337287804
16100	423.96777951793047
16200	426.59346077614464
16300	429.3021483255434
16400	432.07341538358014
16500	434.90513693151297
16600	437.77593873860314
16700	440.69452259887476
16800	443.7616555018467
16900	446.69150534883374
17000	449.6826898541767
17100	452.706578515179
17200	455.7648904218804
17300	458.7358119042474
17400	461.8012154531316
17500	464.83133591810474
17600	467.91752198908944
17700	470.88281000737334
17800	473.75296846206766
17900	476.6272527620895
18000	479.57706985156983
18100	482.6480630481965
18200	485.8600560713676
18300	489.0346735183266
18400	492.04812818282517
18500	495.18799607118126
18600	498.32185813452816
18700	501.4379170346074
18800	504.5211431313073
18900	507.6990310330293
19000	510.8950163022382
19100	514.1526481424808
19200	517.3743505548919
19300	520.5667751151486
19400	523.8889857800677
19500	527.3330743277911
19600	530.7957091978751
19700	534.1353549472988
19800	537.4570417107316
19900	540.8748647077009
20000	544.3960951355984
20100	547.7321066625882
20200	551.2065194565221
20300	554.6291953583132
20400	558.0713312868611
20500	561.6147625073208
20600	565.07119919447
20700	568.3510315974709
20800	571.6360594496364
20900	574.8083856411977
21000	577.9572946419939
21100	581.1359770505805
21200	584.3754616610822
21300	587.5989399183891
21400	590.9024198670522
21500	594.2084650369943
21600	597.5203371915268
21700	600.8525527290767
21800	604.1686076891492
21900	607.5871773349354
22000	610.9826226878213
22100	614.4611202742672
22200	617.997788606328
22300	621.484931801213
22400	625.0198645065539
22500	628.6515469145961
22600	632.3068254314712
22700	636.0523265814991
22800	639.8620182331069
22900	643.6530835924787
23000	647.4442625762313
23100	651.2548432450276
23200	655.1622318790178
23300	659.0672441727365
23400	662.9447218605201
23500	666.8193610181916
23600	670.6283552035457
23700	674.419989269285
23800	678.1669112530653
23900	681.8617304645013
24000	685.4703042635228
24100	689.0391629134538
24200	692.6218972367933
24300	696.2073835404008
24400	699.6270769960247
24500	702.9488864070736
24600	706.2815815598588
24700	709.6710812287056
24800	713.1704943786608
24900	716.7766477870173
25000	720.3323166202172
25100	723.9375537976157
25200	727.509128219157
25300	731.1331850538263
25400	734.6104020888451
25500	738.1147988250013
25600	741.6471194811165
25700	745.155221138848
25800	748.6132326837396
25900	751.9852206615033
26000	755.2395628003869
26100	758.5977392654167
26200	761.8681788432295
26300	765.112788350496
26400	768.461059463094
26500	771.7372264958685
26600	775.0213790246635
26700	778.4006811717409
26800	781.858571139921
26900	785.3164997247513
27000	788.7548764796229
27100	792.2628850639449
27200	795.6573200007551
27300	798.9102232069126
27400	802.1478425367386
27500	805.4697693075286
27600	808.9050813105423
27700	812.3469134356128
27800	815.7714427523897
27900	819.0069491802715
28000	822.3186885575997
28100	825.5947061319603
28200	828.7526236705016
28300	832.0500070908456
28400	835.3959252423374
28500	838.5753599639283
28600	841.7895756799262
28700	845.1954033257789
28800	848.661392401089
28900	852.0814669582178
29000	855.517877137172
29100	858.9029240352684
29200	862.3355228365399
29300	865.7615283121122
29400	869.2514743557549
29500	872.8693490233272
29600	876.6198640400544
29700	880.4491902991431
29800	884.3482406911207
29900	888.2530380687094
30000	892.1853807252483
30100	896.0960511395824
30200	899.955591426813
30300	903.8319790639216
30400	907.7709607991856
30500	911.5184002313181
30600	915.2881278642453
30700	919.0380101176561
30800	922.8019245463656
30900	926.5790305291885
31000	930.4154128785012
31100	934.19769956253
31200	937.8960179593414
31300	941.6036316718091
31400	945.2963472062256
31500	949.1236372971907
31600	952.9102226755931
31700	956.8563489227672
31800	960.9185553662828
31900	965.1318287081085
32000	969.1343514146283
32100	973.1977089619613
32200	977.2383481378201
32300	981.2426663583028
32400	985.3330034172395
32500	989.4319935556268
32600	993.4486300337594
32700	997.527704330103
32800	1001.6353724101791
32900	1005.9499735527206
33000	1010.0857998959837
33100	1014.269181200536
33200	1018.4110951194889
33300	1022.5470568207093
33400	1026.6278637704672
33500	1030.6104192888015
33600	1034.4911677123746
33700	1038.3985801068484
33800	1042.3473548438633
33900	1046.2366729184287
34000	1049.9821620325092
34100	1053.655731552164
34200	1057.2919317353517
34300	1060.8702706180047
34400	1064.3331719191046
34500	1067.8609476391575
34600	1071.4987899824046
34700	1075.2848922156263
34800	1079.0421837939066
34900	1082.725556174235
35000	1086.4359274954768
35100	1090.114200397511
35200	1093.614215417998
35300	1097.1843283298658
35400	1100.7256327947252
35500	1104.2965759703657
35600	1107.8114803566132
35700	1111.267920932849
35800	1114.8330090162344
35900	1118.3996012995485
36000	1121.867080461001
36100	1125.244053032773
36200	1128.6387215925497
36300	1132.0576734346105
36400	1135.426153898763
36500	1138.631002884591
36600	1141.7669729649206
36700	1144.9086892190971
36800	1148.0228929668083
36900	1151.3029471436166
37000	1154.6221431372687
37100	1157.9230292555294
37200	1161.2440106226131
37300	1164.6369672416477
37400	1167.95757478429
37500	1171.425553062756
37600	1174.8613849537796
37700	1178.1657686209655
37800	1181.3873289981275
37900	1184.578146016749
38000	1187.9008609037846
38100	1191.2347101801424
38200	1194.6796216727816
38300	1198.0992467475007
38400	1201.398000701156
38500	1204.6912831178051
38600	1208.0672187309829
38700	1211.2885121607687
38800	1214.5782221429981
38900	1217.8455602178583
39000	1221.0931425688905
39100	1224.2609537679236
39200	1227.6262658020132
39300	1231.0466703056009
39400	1234.4446275708033
39500	1237.7824062017025
39600	1241.0388856814825
39700	1244.206893038412
39800	1247.393493825337
39900	1250.4690816797083
40000	1253.5423483754275
40100	1256.451222928532
40200	1259.472261589428
40300	1262.5083947331877
40400	1265.5014282466727
40500	1268.431844033068
40600	1271.3147544285748
40700	1274.1715507959016
40800	1277.114407603629
40900	1280.1330392551608
41000	1283.0623973536422
41100	1285.928180502844
41200	1289.025545915414
41300	1292.3551486370852
41400	1295.6862115983386
41500	1299.1029630872654
41600	1302.326757474977
41700	1305.502688215056
41800	1308.8274445660063
41900	1312.2595593495062
42000	1315.992138536123
42100	1319.8264756843564
42200	1323.774210425443
42300	1327.6255645698402
42400	1331.5126431219978
42500	1335.4375313436612
42600	1339.4971627063933
42700	1343.5213100753026
42800	1347.5475713615306
42900	1351.6851916945307
43000	1355.7842699094326
43100	1360.033680411696
43200	1364.1831073510111
43300	1368.0866167955683
43400	1371.901290618931
43500	1375.734030247433
43600	1379.5482624800643
43700	1383.2968215239234
43800	1387.1086872452288
43900	1391.0203642809065
44000	1394.9988201162196
44100	1399.0705202265526
44200	1403.2717077431153
44300	1407.3826921184082
44400	1411.5334431589
44500	1415.697175304289
44600	1419.9943890747963
44700	1424.1946285535814
44800	1428.5053435697919
44900	1432.9423203595215
45000	1437.2613278417848
45100	1441.5240815462312
45200	1445.6945341320825
45300	1449.980000999407
45400	1454.1391372377402
45500	1458.199501575902
45600	1462.2330139033147
45700	1466.050010316947
45800	1469.9444728170056
45900	1473.902476562711
46000	1478.0125100708683
46100	1482.177221180813
46200	1486.6165943662054
46300	1491.037539833109
46400	1495.4532093433663
46500	1499.954741266556
46600	1504.4766451288015
46700	1508.9202829921269
46800	1513.2077671923325
46900	1517.3725362045807
47000	1521.4703776819515
47100	1525.4958098283387
47200	1529.287164506386
47300	1532.995701956097
47400	1536.6593173067668
47500	1540.381698065612
47600	1544.0613988904515
47700	1547.8175678118714
47800	1551.6464754229528
47900	1555.5442663917784
48000	1559.2848307408276
48100	1562.945014848432
48200	1566.6474688793533
48300	1570.3019991962938
48400	1573.846320037439
48500	1577.1646489449777
48600	1580.4795999974012
48700	1583.84195722203
48800	1587.442314914777
48900	1590.9742787127616
49000	1594.486242690764
49100	1597.8310348455561
49200	1601.172728311154
49300	1604.304762662272
49400	1607.341318810766
49500	1610.2122195622069
49600	1613.04914654413
49700	1615.9989813729771
49800	1618.9662052679923
49900	1621.857739589701
50000	1624.8889067005948
50100	1627.8873252051417
50200	1630.9563902789378
50300	1633.8860732733738
50400	1636.5465842317208
50500	1638.9875728274928
50600	1641.228558128816
50700	1643.405747259385
50800	1645.4477498672786
50900	1647.459111225151
51000	1649.356944091909
51100	1651.4205501319957
51200	1653.5252044418012
51300	1655.8217651886516
51400	1658.125579689804
51500	1660.3573447632953
51600	1662.529961573484
51700	1664.9111016091192
51800	1667.0621208933298
51900	1669.0550620426075
52000	1671.0297477446147
52100	1672.9729373986484
52200	1674.992870318354
52300	1676.9607727067196
52400	1678.7389078116394
52500	1680.44389683177
52600	1682.0398346810834
52700	1683.7191534982412
52800	1685.3691577862483
52900	1687.1030773266684
53000	1688.668005926651
53100	1690.4163243192597
53200	1692.1715014982037
53300	1693.7959332171595
53400	1695.3827603185782
53500	1697.0323857786134
53600	1698.6965271464433
53700	1700.455773252179
53800	1702.509038006945
53900	1704.6872257246287
54000	1706.7177985472372
54100	1708.7300559892901
54200	1710.909541213361
54300	1713.004108614754
54400	1715.2924747386714
54500	1717.5665650280425
54600	1719.7672077688621
54700	1721.8503091317252
54800	1723.847954057448
54900	1725.8579501212807
55000	1727.759017324017
55100	1729.7029499024502
55200	1731.6840440228698
55300	1733.5469143863302
55400	1735.3083221717388
55500	1737.1820897007128
55600	1738.946709032869
55700	1740.7496643519262
55800	1742.5643212336
55900	1744.120936707477
56000	1745.6996988123283
56100	1747.0849467685912
56200	1748.3820819007815
56300	1749.6280797501095
56400	1750.7075259273406
56500	1751.9833179109846
56600	1753.2621074082563
56700	1754.5288719517994
56800	1755.9086185725173
56900	1757.4415542344796
57000	1759.0456243929802
57100	1760.593791274412
57200	1762.087646001717
57300	1763.577643977187
57400	1764.9421520523028
57500	1766.2250373858842
57600	1767.368000139948
57700	1768.5340776680387
57800	1769.5502309933072
57900	1770.2710703283665
58000	1770.863302303187
58100	1771.5559012122103
58200	1772.324901060725
58300	1773.2595933226403
58400	1774.306971660233
58500	1775.5584983376903
58600	1777.090741336462
58700	1778.5371300292318
58800	1779.8102412020671
58900	1781.244954345515
59000	1782.8575328006991
59100	1784.366109065013
59200	1785.8933112561353
59300	1787.7545116306283
59400	1789.591520998336
59500	1791.4615196319064
59600	1793.3991883039707
59700	1795.5144600116182
59800	1797.8243656142731
59900	1799.8247291173902
60000	1801.9705385005218
60100	1804.1999965687864
60200	1806.3640389255597
60300	1808.551413734327
60400	1810.9829510619747
60500	1813.638941104873
60600	1816.4737253124476
60700	1819.6456873037387
60800	1822.7940776242176
60900	1825.9325589726213
61000	1829.0953229788574
61100	1832.318631203496
61200	1835.59183826152
61300	1838.7462545963936
61400	1842.085924549785
61500	1845.3784860434826
61600	1848.6890091852401
61700	1852.2446817431482
61800	1855.6571944547468
61900	1859.0566022039275
62000	1862.2638056831784
62100	1865.486470908916
62200	1868.7032427746453
62300	1871.9412488609087
62400	1875.1549447342404
62500	1878.2645409108954
62600	1881.5248402451398
62700	1884.791918694682
62800	1887.993103031593
62900	1891.021049411851
63000	1894.0380950979306
63100	1897.0539342950797
63200	1899.9827487452421
63300	1902.8850956925307
63400	1905.695047415502
63500	1908.426690327935
63600	1911.0618965433678
63700	1913.710621381295
63800	1916.2118058353662
63900	1918.5768677690066
64000	1920.9115576219046
64100	1923.0727497184998
64200	1925.436076277343
64300	1927.9146903547808
64400	1930.6869879683945
64500	1933.541812094627
64600	1936.3962563429377
64700	1939.0335707298946
64800	1941.6052492681774
64900	1944.142276372353
65000	1946.6848706126912
65100	1949.1408436430502
65200	1951.7747656570864
65300	1954.240484824928
65400	1956.6995491793496
65500	1959.1517664473504
65600	1961.6602647986729
65700	1964.1510782624828
65800	1966.7588061268325
65900	1969.2296501022065
66000	1971.726201621932
66100	1974.195537124935
66200	1976.5900833953056
66300	1978.9032966971863
66400	1981.1206621969468
66500	1983.4725257758982
66600	1985.8876640232047
66700	1988.3142290655524
66800	1990.74502047227
66900	1993.2123025293695
67000	1995.5309393318603
67100	1997.8491830742569
67200	2000.4061024743714
67300	2003.2195771094994
67400	2006.0522229603957
67500	2009.0405408857623
67600	2011.9891926218988
67700	2014.6794188337517
67800	2017.4141483524581
67900	2020.095872470818
68000	2022.759532014723
68100	2025.500124789367
68200	2028.2519827168435
68300	2031.0340228345594
68400	2033.7741740160855
68500	2036.2584091140889
68600	2038.6382984764641
68700	2040.9254319252213
68800	2042.8780362844118
68900	2044.8772263913415
69000	2046.8857011761866
69100	2048.7330744702485
69200	2050.683208457427
69300	2052.61226944637
69400	2054.376551406982
69500	2056.015198491921
69600	2057.6604266564827
69700	2059.345138376986
69800	2060.6963570654043
69900	2062.0656481395126
70000	2063.4661361325416
70100	2064.9157164318603
70200	2066.361020196753
70300	2067.7278210461955
70400	2069.1506605955074
70500	2070.5200971608283
70600	2071.987570792495
70700	2073.2054412358557
70800	2074.3773386335233
70900	2075.5486647698563
71000	2076.709223060054
71100	2077.7342986059957
71200	2078.9482287258143
71300	2080.1978848405997
71400	2081.472814501729
71500	2082.9857961829985
71600	2084.6530923647224
71700	2086.2912956908694
71800	2088.0248976824805
71900	2089.5967159623397
72000	2091.2419578164117
72100	2092.8571196715347
72200	2094.5095761651755
72300	2096.193892088835
72400	2097.895114631916
72500	2099.422304066713
72600	2101.073404179595
72700	2102.730624599848
72800	2104.465801157756
72900	2106.2986157950945
73000	2108.085646899941
73100	2109.9810052127577
73200	2111.872602952295
73300	2113.6560994628235
73400	2115.2055750458967
73500	2116.644720525597
73600	2118.1615970258135
73700	2119.7075501664076
73800	2121.190420700237
73900	2122.50860058167
74000	2123.80507799139
74100	2125.1537562543526
74200	2126.5207895887434
74300	2127.905702955206
74400	2129.208621101221
74500	2130.598693443055
74600	2132.194683223148
74700	2133.7736541058403
74800	2135.4284952796297
74900	2137.0778984110802
75000	2138.7900210725493
75100	2140.2645634844084
75200	2141.7473037514137
75300	2143.1099553329404
75400	2144.387090870354
75500	2145.617714800057
75600	2146.8739631738863
75700	2148.4213939290494
75800	2149.8332856721245
75900	2151.2049140395247
76000	2152.9184297264437
76100	2154.6412731375895
76200	2156.4486082888907
76300	2158.2305866930983
76400	2160.0277888518176
76500	2162.084572422609
76600	2164.2912263293983
76700	2166.6180316815153
76800	2168.8567209818284
76900	2171.1137263898854
77000	2173.2721340158023
77100	2175.494287321053
77200	2177.742088035913
77300	2179.8734909900813
77400	2182.127117930271
77500	2184.371183208248
77600	2186.3208068165113
77700	2188.4187704658834
77800	2190.405572000309
77900	2192.7466065098415
78000	2195.083153735788
78100	2197.4145635289024
78200	2199.755873454502
78300	2202.0679914727225
78400	2204.322360181599
78500	2206.5030517659034
78600	2208.7515957172145
78700	2211.1170603627106
78800	2213.360404438048
78900	2215.7359102769406
79000	2218.1792440990102
79100	2220.958867024572
79200	2223.7248078960693
79300	2226.479656897427
79400	2229.3422711457824
79500	2232.0371472985717
79600	2234.7578305613715
79700	2237.4810975574655
79800	2240.2111012264504
79900	2243.0825482936343
80000	2246.038214381144
80100	2248.78225900518
80200	2251.4505416598986
80300	2254.1208593479823
80400	2256.7380712148733
80500	2259.4323894404806
80600	2262.234240981401
80700	2264.9508737456053
80800	2267.863141766051
80900	2270.5666783199413
81000	2273.22846145957
81100	2276.1122259231634
81200	2279.2440097826184
81300	2282.2406092965975
81400	2285.26320142264
81500	2288.0944329754566
81600	2291.0998773778556
81700	2294.1645364938886
81800	2297.312036436633
81900	2300.347754827293
82000	2303.342202476342
82100	2306.281126132235
82200	2309.223491438781
82300	2312.261160047259
82400	2315.1973264733097
82500	2318.0807436318137
82600	2320.860567843716
82700	2323.3120959676453
82800	2325.6793523927336
82900	2327.768611208943
83000	2329.6702039840748
83100	2331.479912230512
83200	2333.544667293085
83300	2335.6007130504586
83400	2337.7916360895033
83500	2340.0507247104542
83600	2342.4040064082365
83700	2345.129627137445
83800	2348.1078641871572
83900	2351.249243899947
84000	2354.3635664322064
84100	2357.4334749715636
84200	2360.210291524825
84300	2363.0480767588597
84400	2365.490158594912
84500	2367.909391941328
84600	2370.1132978106616
84700	2372.3586002524826
84800	2374.760060012806
84900	2377.0791656341753
85000	2379.4683457136853
85100	2381.8528258373262
85200	2384.043353682442
85300	2386.32014607935
85400	2388.7301866825437
85500	2391.377568602271
85600	2393.9841393968672
85700	2396.641645421507
85800	2399.402543418808
85900	2402.3962890901603
86000	2405.4423160195583
86100	2408.472303014598
86200	2411.078505016514
86300	2413.7466594136786
86400	2416.3772650437895
86500	2418.998370440153
86600	2421.697573665355
86700	2424.2427154185716
86800	2426.8017596029094
86900	2429.382458908716
87000	2431.8580915403436
87100	2434.3786602395703
87200	2437.0662057765876
87300	2439.611234824464
87400	2442.0391600882285
87500	2444.3504633789416
87600	2446.7399344049045
87700	2448.9971978674876
87800	2451.2173666969757
87900	2453.644372153387
88000	2456.0731365552056
88100	2458.396176528884
88200	2460.778531876742
88300	2463.304725536087
88400	2466.107653779327
88500	2468.9697367066983
88600	2471.7881277631386
88700	2474.489048551244
88800	2477.1899499800056
88900	2479.7495501600206
89000	2482.408174161974
89100	2485.031239992939
89200	2487.6457596446853
89300	2490.22963626188
89400	2492.8348525285255
89500	2495.302694531216
89600	2497.779267616861
89700	2500.191676834831
89800	2502.689312785631
89900	2505.180021345557
90000	2507.588978270185
90100	2510.2349319137866
90200	2513.122566296661
90300	2515.922637217678
90400	2518.8812766551855
90500	2521.8342409280012
90600	2525.107728471048
90700	2528.4690626472584
90800	2531.8474454412935
90900	2535.3969452462625
91000	2538.887283567514
91100	2542.2846932022367
91200	2545.538304899179
91300	2548.922954547219
91400	2552.1691824239097
91500	2555.454599683697
91600	2558.6880875159404
91700	2561.87240392121
91800	2564.883804341196
91900	2568.182358434773
92000	2571.455114393437
92100	2574.7461991900927
92200	2578.040562374401
92300	2581.5360359255574
92400	2585.036936476128
92500	2588.2549621323706
92600	2591.366119441809
92700	2594.2999816142838
92800	2597.1952149571152
92900	2600.1890298794606
93000	2603.294183330494
93100	2606.4614287040895
93200	2609.5127859836794
93300	2612.5731209606165
93400	2615.673864246113
93500	2618.7125182715827
93600	2621.7443701010197
93700	2624.812484712398
93800	2627.899123881187
93900	2631.3251626031124
94000	2634.887940621178
94100	2638.3362881713547
94200	2641.8341733563575
94300	2645.424523565569
94400	2648.849156624987
94500	2652.534152096603
94600	2656.233232246537
94700	2659.795837868238
94800	2663.2771964430576
94900	2666.460397939023
95000	2669.637377603329
95100	2673.001975547115
95200	2676.473589825211
95300	2680.1350377690396
95400	2683.8203693993855
95500	2687.66237154603
95600	2691.420181296766
95700	2695.592295024602
95800	2699.7526700589224
95900	2704.0306965098716
96000	2708.5871685851016
96100	2713.340861779172
96200	2717.9524227925576
96300	2722.6984814691823
96400	2727.291848596069
96500	2732.159302661079
96600	2737.0228782324702
96700	2741.5953255422064
96800	2746.145487406873
96900	2750.842518906109
97000	2755.298551140877
97100	2759.7646964552114
97200	2764.6174256739905
97300	2769.2307101148763
97400	2773.9068382371916
97500	2778.586788087385
97600	2783.2866244588513
97700	2787.9534142266493
97800	2792.817465830769
97900	2797.638255963626
98000	2802.1321813705727
98100	2806.6144489613944
98200	2811.015152867534
98300	2815.1263472058927
98400	2819.0645422850503
98500	2822.9683059148374
98600	2827.03287640505
98700	2831.0699383153697
98800	2835.129936206329
98900	2839.3969988091267
99000	2843.9527898007073
99100	2848.6509592104703
99200	2853.492495728249
99300	2858.2471026633866
99400	2863.122168387461
99500	2868.228796900483
99600	2873.3800259532873
99700	2878.7485637025093
99800	2884.161340100749
99900	2889.58685037354
100000	2894.9346459506196
100100	2900.4694365991163
100200	2905.7890149391606
100300	2911.269264599541
100400	2916.980710845557
100500	2922.5292737216223
100600	2927.968918233295
100700	2933.517177177884
100800	2939.085295258963
100900	2944.703987246903
101000	2950.472120998893
101100	2956.3096842700033
101200	2962.26183868316
101300	2968.1697596248705
101400	2974.098883183906
101500	2980.009922767116
101600	2986.00241439417
101700	2992.0101887708297
101800	2998.1470343463006
101900	3004.3106461575953
102000	3010.604487679957
102100	3016.665859149827
102200	3022.8492320307414
102300	3029.164232870622
102400	3035.583406866237
102500	3042.2269989034976
102600	3049.055917030899
102700	3055.900308552664
102800	3062.5803803442977
102900	3069.360702434322
103000	3076.351740286569
103100	3083.182864665985
103200	3089.790751823515
103300	3096.4660820093704
103400	3103.386167311808
103500	3110.2082202582387
103600	3116.882579587109
103700	3123.7075514894677
103800	3130.6293293926865
103900	3137.523078104423
104000	3144.2775119248545
104100	3150.7933409706457
104200	3157.4393322960823
104300	3163.8955716223572
104400	3170.392117957468
104500	3176.8443536916748
104600	3183.4550567420665
104700	3189.976163420535
104800	3196.28846435796
104900	3202.5730642656563
105000	3208.8740818438237
105100	3215.3501576821436
105200	3221.6393465227447
105300	3227.8612324442365
105400	3234.1211114377948
105500	3240.124354382686
105600	3245.6519488841295
105700	3251.2060865075327
105800	3256.4880710618454
105900	3261.9411604860798
106000	3267.347561533854
106100	3272.8474697619677
106200	3278.329530255636
106300	3283.7745022979216
106400	3289.1798540645395
106500	3294.442270103842
106600	3299.77326647687
106700	3305.0856100401143
106800	3310.6087354536285
106900	3316.253674100968
107000	3321.742009559006
107100	3327.174220910121
107200	3332.7807082264917
107300	3338.2202739081695
107400	3343.4183182964334
107500	3348.685213217279
107600	3353.632241961139
107700	3358.2979315831326
107800	3362.97552290553
107900	3367.3709503255086
108000	3371.8161169684026
108100	3376.283853763889
108200	3381.121929312474
108300	3385.8988899280084
108400	3390.8373489850783
108500	3395.831666561833
108600	3400.997244884493
108700	3405.9277614516905
108800	3410.7117280971142
108900	3415.2379679725855
109000	3419.7557937552338
109100	3424.319499297184
109200	3428.6042555081076
109300	3432.803376311669
109400	3436.915194175206
109500	3441.188962038432
109600	3445.099339955428
109700	3448.843871013436
109800	3452.2638485603966
109900	3455.5363234702963
110000	3458.844836732198
110100	3462.0987983110244
110200	3465.0656792313093
110300	3468.1682930183015
110400	3471.533428159775
110500	3475.131793090899
110600	3478.812472273712
110700	3482.2814888397697
110800	3485.745727579575
110900	3489.053969131841
111000	3492.101713004289
111100	3495.33022491273
111200	3498.189314800664
111300	3501.096480052802
111400	3503.9661656278186
111500	3506.651324328268
111600	3509.1788401574013
111700	3511.849528395047
111800	3514.3874469649163
111900	3516.8959736792604
112000	3519.2961524656857
112100	3521.4866167650325
112200	3523.4957842555596
112300	3525.572299811989
112400	3528.3754855543957
112500	3531.1169034838676
112600	3534.278216965031
112700	3537.4376736449776
112800	3540.5309512357926
112900	3543.3767562244902
113000	3546.36633355089
113100	3549.3742485090042
113200	3552.5016987265553
113300	3555.8126560532255
113400	3559.1587395630195
113500	3562.4925586759346
113600	3565.8635923665133
113700	3569.3811770935426
113800	3572.763501543901
113900	3576.4712145203375
114000	3580.247309144528
114100	3583.809939488303
114200	3587.556341740885
114300	3591.5651414766908
114400	3595.485353336844
114500	3599.1239688152564
114600	3603.1686774046393
114700	3607.132983507763
114800	3611.252881001681
114900	3615.3671502929064
115000	3619.490560668404
115100	3623.7074452439556
115200	3627.7682554442436
115300	3631.9360810358194
115400	3636.210213173763
115500	3640.3699394739233
115600	3644.3177055573324
115700	3648.347926435934
115800	3652.5925054971012
115900	3656.4500222463394
116000	3660.42522948666
116100	3664.45444569923
116200	3668.512856945279
116300	3672.551068990375
116400	3676.5341217224486
116500	3680.4467731315526
116600	3684.914181041415
116700	3689.187820748426
116800	3693.609862809768
116900	3698.069689862663
117000	3702.6846410018625
117100	3707.568944687082
117200	3712.233145115373
117300	3717.208833761979
117400	3722.268004737678
117500	3727.4931724077906
117600	3732.733531828446
117700	3738.1427319579525
117800	3743.688289038255
117900	3749.1865554435644
118000	3754.5168622405617
118100	3760.337317319354
118200	3766.0659590142895
118300	3771.8058984599775
118400	3777.415106403292
118500	3783.4138649330125
118600	3789.2707769427216
118700	3795.07857307588
118800	3801.1467407113523
118900	3807.3701123429346
119000	3813.583134592278
119100	3819.7983840589877
119200	3825.952720142377
119300	3832.4663499924354
119400	3838.5039218113525
119500	3844.651281348022
119600	3850.923291580053
119700	3857.1370282452554
119800	3863.4839738110313
119900	3869.892903357744
120000	3876.377256171254
120100	3882.4674328169203
120200	3888.607130004035
120300	3894.7367542248103
120400	3900.9544277248206
120500	3907.321180978557
120600	3913.4610335354228
120700	3919.285589833278
120800	3925.355884895602
120900	3931.1820457145222
121000	3937.099081007007
121100	3943.111864239734
121200	3949.3042133778217
121300	3955.7166250034934
121400	3962.023950024275
121500	3968.3504718311015
121600	3974.5351977154496
121700	3980.808100610855
121800	3987.3422766529256
121900	3993.655323251325
122000	3999.808140539273
122100	4005.723388273618
122200	4011.590599812218
122300	4017.1129158987314
122400	4022.970859987021
122500	4028.801473693573
122600	4034.9270732610603
122700	4040.9295103487675
122800	4046.6985084230546
122900	4052.4513266694266
123000	4057.990105888981
123100	4063.553115404211
123200	4069.0758503332036
123300	4074.571571331122
123400	4079.9684175798902
123500	4085.3232445065514
123600	4090.5191829858813
123700	4095.5334069976816
123800	4100.156582887925
123900	4105.073719205742
124000	4109.777066355979
124100	4114.417296311003
124200	4118.943080863799
124300	4123.240680651274
124400	4127.043336791743
124500	4130.466904458357
124600	4133.827326955332
124700	4137.0731659212615
124800	4140.536741691467
124900	4143.732500115875
125000	4146.775496517483
125100	4149.749556053022
125200	4152.9792156301555
125300	4156.525309809193
125400	4159.881268294004
125500	4163.209619539499
125600	4166.915751531371
125700	4170.588365634729
125800	4174.481060813589
125900	4178.182467411389
126000	4182.017001687258
126100	4185.636421812174
126200	4188.675958323933
126300	4191.844483286259
126400	4195.013007569476
126500	4197.4682199805975
126600	4200.208470503276
126700	4202.756652014912
126800	4205.143037083442
126900	4207.089399612334
127000	4209.065339599678
127100	4210.992171314661
127200	4212.635477286822
127300	4213.82942537684
127400	4214.519905593246
127500	4215.45600329421
127600	4216.110498983064
127700	4216.852437176916
127800	4217.703535586712
127900	4218.196480660059
128000	4218.722639589978
128100	4219.357276883966
128200	4219.6402658386505
128300	4219.462249408709
128400	4219.537900759373
128500	4219.565367359261
128600	4220.110361517
128700	4220.267110095359
128800	4220.12616357638
128900	4219.978311390383
129000	4219.928949750611
129100	4219.559177198447
129200	4219.2791443491005
129300	4219.028203423135
129400	4219.086065359064
129500	4219.146747870196
129600	4219.174230275676
129700	4219.575208019582
129800	4220.498969954206
129900	4221.739882471273
130000	4223.230504617735
130100	4224.046749964589
130200	4224.599057678075
130300	4225.585425617697
130400	4226.303418977885
130500	4227.022001949605
130600	4227.650753965601
130700	4228.375851786055
130800	4229.343245615484
130900	4230.399986091128
131000	4231.182856192987
131100	4231.80487325741
131200	4232.206993510365
131300	4232.709737283469
131400	4232.890750290942
131500	4233.154618940083
131600	4233.001124557515
131700	4232.905012212228
131800	4232.677503191051
131900	4232.64954693761
132000	4232.291975639178
132100	4231.685383256292
132200	4231.014966435847
132300	4230.674695482536
132400	4230.6797251339885
132500	4231.404415065888
132600	4231.806451388169
132700	4232.283068945864
132800	4232.632942251395
132900	4232.94555767678
133000	4233.114586815878
133100	4233.4532181645045
133200	4234.388286278991
133300	4235.05512328638
133400	4235.755143088754
133500	4236.382305176696
133600	4237.20522607764
133700	4237.710838877596
133800	4237.964594241988
133900	4238.35709814477
134000	4239.2466293572215
134100	4239.836864089535
134200	4240.369726665667
134300	4240.671978767437
134400	4240.932382325642
134500	4241.158975747414
134600	4241.526518190745
134700	4242.227061090583
134800	4242.915012460493
134900	4243.362659572216
135000	4243.635629717202
135100	4244.3846831228
135200	4245.102188342193
135300	4246.009239019535
135400	4246.820073226874
135500	4247.512233441637
135600	4248.659355330339
135700	4249.946199730679
135800	4251.173546950216
135900	4251.992203849601
136000	4252.920420629147
136100	4254.350813076657
136200	4256.138244404981
136300	4258.16029610805
136400	4259.812666954298
136500	4261.242087412509
136600	4262.28290480515
136700	4263.572420808836
136800	4264.816709425417
136900	4266.275846159668
137000	4267.575445262715
137100	4269.125754859007
137200	4270.589694712078
137300	4272.190381941909
137400	4274.137880127411
137500	4275.6616986549925
137600	4276.9521915645455
137700	4277.923378114647
137800	4279.498095356161
137900	4280.96733022359
138000	4282.668968993647
138100	4284.16845200141
138200	4286.180956629745
138300	4288.090950301557
138400	4290.450805924134
138500	4292.746391583409
138600	4295.014008285536
138700	4297.092123389302
138800	4299.313527319755
138900	4301.273889245582
139000	4303.814945002901
139100	4306.778968608705
139200	4309.874577342358
139300	4312.971263658954
139400	4315.697698446165
139500	4318.674673464382
139600	4321.202709954232
139700	4323.928253937513
139800	4326.826334915066
139900	4330.157820374181
140000	4333.44574999332
140100	4336.670868934249
140200	4339.667174698785
140300	4342.53608389548
140400	4345.332593237865
140500	4348.507478283369
140600	4351.569431148411
140700	4353.895381987037
140800	4355.994641183177
140900	4358.038033992576
141000	4359.41154670564
141100	4360.328932532342
141200	4360.852362648526
141300	4361.400586745818
141400	4361.801664261089
141500	4362.174927853979
141600	4362.475609399786
141700	4362.906333269377
141800	4363.5898982500075
141900	4364.391285931808
142000	4365.423628959339
142100	4366.697272563237
142200	4368.126584601472
142300	4369.464693731745
142400	4370.760770401917
142500	4371.864046070317
142600	4372.408077607572
142700	4372.918626710016
142800	4373.1461867059115
142900	4373.530315950746
143000	4373.838128205447
143100	4374.261552925396
143200	4374.503910666681
143300	4374.624576046481
143400	4374.729762192757
143500	4374.598639281583
143600	4374.68447007885
143700	4375.166551040136
143800	4375.946189598297
143900	4377.15369010932
144000	4378.771526185505
144100	4380.858303769142
144200	4383.2584588342
144300	4385.806043168413
144400	4387.930171724991
144500	4389.944954669219
144600	4391.7754066623165
144700	4393.521133736707
144800	4395.595546942437
144900	4397.749306581216
145000	4400.1763066741405
145100	4402.587392716669
145200	4405.095108070353
145300	4407.870338960434
145400	4410.450467821152
145500	4413.2691453484
145600	4416.273062033113
145700	4418.6859958783025
145800	4420.966822313203
145900	4423.658955244289
146000	4426.477714276116
146100	4429.087598916492
146200	4431.4144198954455
146300	4433.550002379925
146400	4434.870354383602
146500	4436.54813123215
146600	4437.822069316055
146700	4438.550441401545
146800	4439.380415943859
146900	4440.102846834052
147000	4440.699300436769
147100	4441.482554542017
147200	4442.016931495862
147300	4442.149096960842
147400	4442.168924809725
147500	4442.317693660851
147600	4442.418941660784
147700	4442.04152810853
147800	4441.943339374207
147900	4442.179051883984
148000	4442.34873677569
148100	4442.307589839969
148200	4442.390243226022
148300	4441.611695366679
148400	4440.379751823901
148500	4439.1085410589
148600	4438.162486638292
148700	4437.079651658249
148800	4436.293897894735
148900	4435.754422100901
149000	4434.839915192395
149100	4434.342753460747
149200	4433.73087211739
149300	4433.001345310884
149400	4431.9680582026485
149500	4431.315641208552
149600	4430.207507449319
149700	4429.046004260657
149800	4427.383751368325
149900	4425.748327387671
150000	4423.900236836402
150100	4422.569111713616
150200	4421.848659323528
150300	4420.474839031871
150400	4419.031141730957
150500	4417.14640607842
150600	4415.187459335488
150700	4413.088758762635
150800	4410.818554616766
150900	4409.12153040804
151000	4407.071297091898
151100	4405.197497223562
151200	4403.042423574196
151300	4401.396168627602
151400	4399.507448302989
151500	4397.651574570104
151600	4396.030007373658
151700	4394.231763627613
151800	4391.944142211229
151900	4388.725154501502
152000	4386.012496575771
152100	4383.059293825179
152200	4379.874920564238
152300	4376.441040463338
152400	4372.370245596336
152500	4368.405711846834
152600	4363.875087794557
152700	4359.727744913194
152800	4355.228738054226
152900	4351.380863529921
153000	4347.261402299104
153100	4343.162397484528
153200	4338.469223812863
153300	4333.714678502933
153400	4328.757312795671
153500	4323.727229830751
153600	4318.63525315444
153700	4313.678683708888
153800	4309.020215163473
153900	4304.76635001332
154000	4299.983307070797
154100	4295.103611859959
154200	4289.768655309454
154300	4284.923219710821
154400	4279.8883362670895
154500	4275.88148879027
154600	4271.680131644593
154700	4267.310490637319
154800	4262.869973206194
154900	4258.735319588624
155000	4254.712822758011
155100	4250.813209663262
155200	4246.749188644986
155300	4242.645396240754
155400	4238.91102121491
155500	4234.612263980671
155600	4230.43628635694
155700	4226.168193573772
155800	4221.510356957035
155900	4216.781488984649
156000	4212.008422390674
156100	4207.479432594089
156200	4203.078676962119
156300	4199.077599256183
156400	4194.843755483103
156500	4191.003354558547
156600	4186.96074759803
156700	4182.944365221367
156800	4179.930806428194
156900	4176.242995514185
157000	4172.344593600661
157100	4168.740382998658
157200	4165.407893003314
157300	4162.085414579895
157400	4158.578326738265
157500	4154.806002776197
157600	4151.330530155334
157700	4148.131687336252
157800	4145.55205960921
157900	4142.959221789613
158000	4140.868777668395
158100	4138.917947118403
158200	4136.931341283489
158300	4134.720659277984
158400	4132.742716827255
158500	4130.988844618958
158600	4128.868820140837
158700	4126.743596880871
158800	4123.782431984844
158900	4120.803059265891
159000	4117.721255757497
159100	4114.655611054564
159200	4111.7181771023315
159300	4108.82572505658
159400	4106.463074890373
159500	4103.625226415636
159600	4100.793703934061
159700	4098.195860389213
159800	4096.1384478458785
159900	4094.125347391353
160000	4092.396611658274
160100	4090.8593936011894
160200	4090.026194811042
160300	4090.021797751193
160400	4090.150624779286
160500	4090.6314876223914
160600	4091.0205413342337
160700	4091.3785458906204
160800	4091.591774484783
160900	4091.3580819980707
161000	4091.083196551597
161100	4090.9272146999137
161200	4090.967354055494
161300	4091.0451186106075
161400	4091.555293426267
161500	4092.2424624233972
161600	4092.865149685531
161700	4093.2826123539126
161800	4093.6188618622255
161900	4094.64799432765
162000	4095.3673462447478
162100	4096.135988129594
162200	4096.625196264184
162300	4097.433309715358
162400	4098.769192870823
162500	4099.749820290715
162600	4100.678403787839
162700	4101.912682605849
162800	4102.900539261638
162900	4103.987436461146
163000	4105.038352576317
163100	4106.147748376825
163200	4106.938983135449
163300	4107.41035203333
163400	4107.7798324345495
163500	4108.103740195511
163600	4107.9114933963865
163700	4107.993567079364
163800	4108.334403758112
163900	4108.414988419041
164000	4107.918202238914
164100	4107.804072245082
164200	4107.092807390611
164300	4106.377146731189
164400	4105.385920119297
164500	4104.5090987156145
164600	4103.255709965073
164700	4102.333375056216
164800	4101.534804446332
164900	4101.014394679689
165000	4100.230592962122
165100	4099.20106329181
165200	4098.337531775644
165300	4097.640942754981
165400	4096.931219080347
165500	4096.26191929786
165600	4094.884592608316
165700	4093.2342776516452
165800	4091.5166051084525
165900	4089.621066681226
166000	4087.427669644647
166100	4085.097591324302
166200	4082.955756856012
166300	4080.9472727520624
166400	4079.2657016564044
166500	4077.9761979313917
166600	4077.347277746361
166700	4077.0637143347994
166800	4076.7693246267736
166900	4076.286372776376
167000	4076.609449807438
167100	4077.234725684859
167200	4077.804464070825
167300	4078.1406437683036
167400	4078.8121901100385
167500	4079.52012875519
167600	4080.44158767286
167700	4081.0029817053
167800	4081.3552147625596
167900	4081.7497270871536
168000	4082.6574090431677
168100	4083.0208682243247
168200	4083.0483611722593
168300	4083.0297790466575
168400	4082.848656084854
168500	4082.4090535537107
168600	4081.6808821187587
168700	4081.523545743141
168800	4080.8965271116467
168900	4080.213968668948
169000	4079.313373555662
169100	4078.3155244418303
169200	4077.2058046374586
169300	4075.625762172567
169400	4073.8796035297564
169500	4072.3299810920726
169600	4070.8734195718425
169700	4069.348036372976
169800	4067.8002778374357
169900	4066.2240211140015
170000	4065.1904757164302
170100	4064.3191277498845
170200	4063.0045335252653
170300	4061.249211734161
170400	4060.2671204191865
170500	4059.599663550325
170600	4059.427180321014
170700	4058.8426138673676
170800	4058.7765314582502
170900	4059.0572210258106
171000	4059.41621066106
171100	4059.483988633263
171200	4059.8238920125295
171300	4059.418407674937
171400	4059.267985794868
171500	4058.778815541242
171600	4058.6012563321274
171700	4057.910193384858
171800	4056.906757031451
171900	4056.8024608445703
172000	4057.1015307256603
172100	4057.3458943961887
172200	4057.6681821223465
172300	4057.368758227967
172400	4057.188932147401
172500	4056.3840367412195
172600	4055.865954352834
172700	4054.4400809285
172800	4052.6668230301
172900	4051.221195682243
173000	4050.0445251930505
173100	4048.8528587420005
173200	4046.9315371618723
173300	4045.523934083467
173400	4044.384815730329
173500	4042.8280282327905
173600	4041.781512554735
173700	4039.9489788266364
173800	4038.776991059829
173900	4037.8144871403347
174000	4036.800735467754
174100	4035.751717315812
174200	4034.6840704750502
174300	4033.5181593938614
174400	4031.8222725210944
174500	4030.7526025488623
174600	4029.944927410339
174700	4029.022556162323
174800	4028.0781408680486
174900	4027.1829082235345
175000	4026.03215362248
175100	4024.050731908472
175200	4022.4047174871084
175300	4020.325954086671
175400	4017.963399463333
175500	4016.735522894829
175600	4015.5855481291073
175700	4013.8145282582263
175800	4011.5967732110294
175900	4009.51882971311
176000	4007.6626335033798
176100	4006.4011720985873
176200	4005.204354251735
176300	4003.7847720955033
176400	4003.0591234686435
176500	4002.8721500527463
176600	4003.386395321577
176700	4003.873188323807
176800	4004.658391325618
176900	4005.4663364956505
177000	4006.45971998974
177100	4007.685396613844
177200	4009.1093255616724
177300	4010.909437604889
177400	4012.2196352626197
177500	4013.888176738983
177600	4015.4875199958333
177700	4017.1943230081233
177800	4019.048616117274
177900	4020.509173886094
178000	4022.3828539774404
178100	4024.9545465317788
178200	4027.9056881562574
178300	4030.890903621912
178400	4033.415883631853
178500	4035.018056872592
178600	4036.75790069683
178700	4039.1157864723355
178800	4041.7463874786627
178900	4044.3317176286946
179000	4046.7470007792
179100	4049.233852499223
179200	4051.5135205331026
179300	4053.226072614081
179400	4055.304341369716
179500	4057.1559440533747
179600	4059.4974610315403
179700	4061.7920099567855
179800	4063.8939316622564
179900	4066.469763185829
180000	4068.0758069060394
180100	4070.0352205701056
180200	4072.1435198857216
180300	4074.5176866792026
180400	4077.7576379444217
180500	4081.4479640537756
180600	4085.4123465497396
180700	4089.797794342914
180800	4094.914282506623
180900	4099.766241048055
181000	4105.250677958829
181100	4111.079628820997
181200	4116.669443649182
181300	4121.916214189609
181400	4127.521282030968
181500	4132.392983852595
181600	4136.730626290431
181700	4140.59177712095
181800	4144.455244630226
181900	4148.532519220258
182000	4152.759214194608
182100	4156.95608433336
182200	4160.930060042767
182300	4164.935050860804
182400	4168.659026399429
182500	4172.72203869425
182600	4176.027288909245
182700	4179.478407633142
182800	4183.174175096967
182900	4186.377695334901
183000	4189.895978386456
183100	4194.136200681038
183200	4198.2370605929755
183300	4201.61506932514
183400	4205.536929681024
183500	4209.065150854702
183600	4212.00366855826
183700	4215.281840884592
183800	4218.398416893091
183900	4221.031963120098
184000	4223.495098463143
184100	4225.380823593587
184200	4227.145643904572
184300	4229.185979522415
184400	4231.795022717328
184500	4234.180753315741
184600	4236.300561140233
184700	4238.7900355378515
184800	4240.482314684137
184900	4242.515103183861
185000	4244.227749341808
185100	4245.781551505555
185200	4247.122376438405
185300	4247.697514204774
185400	4247.7368841967545
185500	4246.736442061898
185600	4245.451021587942
185700	4244.137845940248
185800	4242.524320590077
185900	4241.374932022532
186000	4240.954602877959
186100	4240.424197362794
186200	4239.696623106429
186300	4239.116435609409
186400	4238.426931996364
186500	4237.598297829914
186600	4236.606680621917
186700	4236.149258769525
186800	4235.223361713812
186900	4234.887481011683
187000	4234.06975467602
187100	4232.901034542709
187200	4231.462886546913
187300	4229.581904097926
187400	4227.283885988174
187500	4224.607945921889
187600	4223.129345066729
187700	4221.330265449593
187800	4219.063314264
187900	4216.66545046668
188000	4213.223770944809
188100	4209.955531073094
188200	4206.89492700441
188300	4203.379004931659
188400	4199.509865208645
188500	4194.561345021124
188600	4190.114663186367
188700	4185.178766616911
188800	4180.491326274641
188900	4175.718624901841
189000	4171.643258697004
189100	4167.434119505982
189200	4162.8464453822235
189300	4157.759105724224
189400	4153.68846257613
189500	4150.1043442593655
189600	4147.533819318225
189700	4145.11328343756
189800	4143.48671408341
189900	4142.472569935664
190000	4141.977342046215
190100	4141.806757990154
190200	4141.491134077834
190300	4141.623009438277
190400	4141.514890057326
190500	4141.589460751042
190600	4142.449325812864
190700	4143.499273318681
190800	4144.472186841129
190900	4145.858188400278
191000	4147.595849691541
191100	4148.2340455845115
191200	4148.756322696339
191300	4149.912828466797
191400	4151.291610475688
191500	4152.156191894726
191600	4153.121302783315
191700	4154.15432456939
191800	4155.106250905781
191900	4155.82013642072
192000	4157.261699057883
192100	4158.156919760862
192200	4159.976986951893
192300	4161.440780655597
192400	4162.4929897728725
192500	4163.115653357236
192600	4163.512946551258
192700	4163.238948768063
192800	4163.4326985339285
192900	4164.187500381318
193000	4165.650022660906
193100	4167.146144862811
193200	4168.43161600153
193300	4169.622730909963
193400	4170.865182601032
193500	4171.663346739311
193600	4172.462467572535
193700	4173.574848033895
193800	4174.554881773423
193900	4176.520590665983
194000	4178.894401794474
194100	4181.2653543054475
194200	4183.123693530681
194300	4184.335277016449
194400	4184.458458098001
194500	4184.186861032154
194600	4184.764318368863
194700	4185.780766792595
194800	4186.985907054797
194900	4188.0466782170115
195000	4189.584431062103
195100	4190.829661773227
195200	4192.799538183375
195300	4194.66868161154
195400	4196.792152905662
195500	4198.771107267821
195600	4200.741215342714
195700	4202.9722702251165
195800	4205.209679522668
195900	4208.626462275395
196000	4211.486374085536
196100	4214.5344212270575
196200	4217.801870870986
196300	4220.567662209971
196400	4224.064317089389
196500	4227.715125899471
196600	4231.677394351573
196700	4235.734396955522
196800	4239.501107821357
196900	4242.786429494619
197000	4245.410314278386
197100	4248.9770362665295
197200	4253.279264356301
197300	4257.329432587023
197400	4261.288226969889
197500	4266.035977736639
197600	4270.7363400303875
197700	4275.731038538041
197800	4281.072122320591
197900	4286.231084859814
198000	4291.649502874294
198100	4297.238022120437
198200	4302.741787699051
198300	4308.055916560814
198400	4313.9188037214335
198500	4319.410633037856
198600	4325.165370642033
198700	4331.180193333537
198800	4336.854224202107
198900	4343.03625242837
199000	4349.356603899156
199100	4355.531866671226
199200	4362.186859979294
199300	4368.078455650131
199400	4374.687014205614
199500	4380.981599653722
199600	4387.331834027194
199700	4392.82883033948
199800	4398.860073251533
199900	4403.911350569862
200000	4408.136023068568
200100	4413.0678451262065
200200	4417.8093666211935
200300	4422.915214160166
200400	4428.071907064412
200500	4433.247384774324
200600	4438.395148444746
200700	4444.101495264622
200800	4450.155340365309
200900	4456.505250072514
201000	4462.517875231453
201100	4468.5391028159065
201200	4474.378046936763
201300	4478.655479917594
201400	4482.904560905881
201500	4487.370409939438
201600	4491.5573922785115
201700	4495.403727643716
201800	4498.447298207553
201900	4502.442570714746
202000	4506.6878282135
202100	4510.801163750177
202200	4514.9305952391005
202300	4519.016095209809
202400	4524.1400212680455
202500	4530.3561761724995
202600	4536.1157641499885
202700	4541.2800628639525
202800	4547.280097245472
202900	4553.570988087333
203000	4559.806538593606
203100	4565.83169715642
203200	4571.99565092905
203300	4576.880136526364
203400	4581.286735882284
203500	4586.174986818223
203600	4591.375340097991
203700	4596.120520796219
203800	4601.77658945194
203900	4607.693794098683
204000	4613.462380787183
204100	4619.478802097379
204200	4625.923452442221
204300	4632.859032352455
204400	4639.992164348485
204500	4647.629101757717
204600	4654.720929146744
204700	4662.119398876559
204800	4669.871379359334
204900	4677.613503369619
205000	4685.3548292709165
205100	4692.8471553401905
205200	4699.440061373927
205300	4705.199541207112
205400	4711.254850624653
205500	4717.632798204082
205600	4723.85567550431
205700	4730.178468450555
205800	4736.845602893212
205900	4743.9745300313225
206000	4750.550911580212
206100	4758.39110649348
206200	4766.419896766834
206300	4775.469129420642
206400	4784.669522717595
206500	4794.6199064754765
206600	4803.961756717414
206700	4813.0083369122
206800	4821.660299695039
206900	4830.423570656101
207000	4838.107584559068
207100	4845.013977321389
207200	4851.990155978943
207300	4858.784750539053
207400	4866.086559498392
207500	4873.552925206372
207600	4879.939160170092
207700	4886.623255921411
207800	4894.260523639503
207900	4900.766903359734
208000	4906.976957774605
208100	4913.521736950788
208200	4920.257666761754
208300	4927.915062924498
208400	4935.769120281504
208500	4944.2075932708685
208600	4953.1515869866125
208700	4961.334645318042
208800	4970.623701177072
208900	4979.974192782829
209000	4990.7738761566
209100	5002.734692144033
209200	5014.717075121414
209300	5026.293823966582
209400	5038.336849456187
209500	5051.050028395839
209600	5063.583953515277
209700	5076.8050407671835
209800	5089.357859808835
209900	5102.55900891457
210000	5115.565579683171
210100	5128.752824077383
210200	5141.397169306641
210300	5154.41235883534
210400	5167.6805122917285
210500	5180.244049834786
210600	5192.38271554542
210700	5204.324577741034
210800	5215.352299924998
210900	5225.458972384746
211000	5235.6446931932005
211100	5246.001123827125
211200	5256.208951044886
211300	5266.699313015677
211400	5277.252156583534
211500	5288.589629146096
211600	5299.575425518269
211700	5312.183909452695
211800	5324.198796183162
211900	5335.558985152282
212000	5347.048331465921
212100	5358.534916728502
212200	5370.493905920477
212300	5383.837282955123
212400	5397.215821100515
212500	5410.152083956695
212600	5422.747610413004
212700	5435.2059246650315
212800	5448.458439999609
212900	5460.994177808694
213000	5474.210067086038
213100	5488.386841932603
213200	5503.08290301176
213300	5518.295275981422
213400	5534.10621893889
213500	5549.419396702782
213600	5565.257237360231
213700	5579.584240583063
213800	5592.838132331381
213900	5606.1362539939
214000	5619.478513197799
214100	5632.726658738742
214200	5645.055261106056
214300	5657.504222078307
214400	5669.7664805696695
214500	5682.8697019498795
214600	5696.106494771608
214700	5707.600541092281
214800	5718.569030290411
214900	5729.53741835308
215000	5741.475670399668
215100	5752.271824061172
215200	5763.334074545302
215300	5774.640113482485
215400	5786.412844508712
215500	5797.657619856531
215600	5810.150448255299
215700	5822.813267694437
215800	5836.382233082724
215900	5849.801869219751
216000	5862.64033125405
216100	5875.47007373668
216200	5888.102255850623
216300	5900.801608485228
216400	5913.390732405358
216500	5926.007572933391
216600	5937.868662328285
216700	5948.765126578277
216800	5959.91722046549
216900	5970.593427913671
217000	5983.062280728365
217100	5994.922132754698
217200	6005.837002332788
217300	6016.668089626823
217400	6028.866142772837
217500	6041.268530050933
217600	6053.305017946579
217700	6065.519755983201
217800	6076.926646847569
217900	6087.885887472483
218000	6098.700086934958
218100	6109.582827726903
218200	6120.391259670956
218300	6130.198234713695
218400	6140.039312635548
218500	6149.861370321305
218600	6160.138382688747
218700	6170.615283517691
218800	6180.884031522262
218900	6190.461984085385
219000	6200.862757136696
219100	6209.784972182068
219200	6219.114277484012
219300	6228.305585568072
219400	6236.6132373372675
219500	6246.770633216889
219600	6256.690105264832
219700	6267.1534658482415
219800	6276.947330005001
219900	6288.187900515681
220000	6299.864732274844
220100	6310.378279485798
220200	6321.007915079361
220300	6331.834533309622
220400	6344.19917870959
220500	6356.076748451975
220600	6369.462691845198
220700	6383.978023755772
220800	6397.009215948172
220900	6409.1025218445575
221000	6421.584498889162
221100	6433.810022799938
221200	6445.438560121111
221300	6456.8845804652665
221400	6468.393919056107
221500	6479.855944682669
221600	6492.628163423622
221700	6505.079172241269
221800	6517.499624997436
221900	6531.343161613855
222000	6546.497389113472
222100	6559.4876638471615
222200	6572.641672900878
222300	6585.249212372291
222400	6595.862381366838
222500	6606.462304862856
222600	6617.925104697875
222700	6630.352173030726
222800	6642.458197799977
222900	6653.003131865116
223000	6662.265398483956
223100	6670.314447393699
223200	6676.865097052185
223300	6681.843811994477
223400	6686.704253137577
223500	6691.326322506589
223600	6696.505108360667
223700	6701.405138595961
223800	6705.2846924089245
223900	6707.411074016418
224000	6710.215875929338
224100	6715.700860721874
224200	6721.750217961555
224300	6726.534954745264
224400	6732.2233672525035
224500	6736.427011328109
224600	6739.656956409744
224700	6742.711885533936
224800	6748.180082633218
224900	6751.9886459929985
225000	6757.16710476618
225100	6763.402716242825
225200	6768.89891101938
225300	6774.2266445214045
225400	6778.601062678848
225500	6782.655904138053
225600	6786.16584835219
225700	6790.5581333647715
225800	6795.593635407218
225900	6799.677637145738
226000	6804.648827216064
226100	6808.272352676198
226200	6812.29396057711
226300	6816.078911585035
226400	6820.291405331751
226500	6823.422583925771
226600	6824.9836767775705
226700	6826.871385699604
226800	6829.035414343001
226900	6832.349599491456
227000	6836.13484693889
227100	6839.119927218708
227200	6838.624062940595
227300	6836.8140845452435
227400	6836.304260768404
227500	6836.661621443753
227600	6840.652012834675
227700	6846.391946792719
227800	6851.340176070749
227900	6857.893077810062
228000	6861.965743146895
228100	6866.086887895304
228200	6870.018054996559
228300	6872.162650903105
228400	6875.620468070207
228500	6877.585546529095
228600	6880.027625312912
228700	6882.860672064649
228800	6884.356304368004
228900	6886.613075214962
229000	6889.184762237943
229100	6892.586290187435
229200	6898.096791703196
229300	6906.467645439785
229400	6915.949722129211
229500	6923.602828115167
229600	6932.400027016294
229700	6941.6088246197905
229800	6951.405481717491
229900	6959.6432500599185
230000	6965.584733864875
230100	6973.067218920274
230200	6979.333267920243
230300	6986.320543377486
230400	6990.731963099621
230500	6996.001878636307
230600	7001.543134226289
230700	7004.930448475527
230800	7008.127111674345
230900	7010.629929467046
231000	7011.022341810865
231100	7010.49665727315
231200	7008.089731381158
231300	7006.952200623869
231400	7005.945999649935
231500	7003.64946139598
231600	6999.850518895488
231700	6995.375807159231
231800	6991.101937005413
231900	6989.383211923472
232000	6991.788896573067
232100	6995.8942195030395
232200	7000.066330692265
232300	7005.296169204172
232400	7012.293578748533
232500	7017.9103708851035
232600	7022.631408037676
232700	7027.120238890639
232800	7029.161272127065
232900	7029.561680196843
233000	7031.46575932455
233100	7033.5415313954
233200	7035.4110109232715
233300	7035.940116213344
233400	7035.764860440278
233500	7038.699145796651
233600	7041.909105003579
233700	7048.035437831306
233800	7056.54260852444
233900	7066.010625125258
234000	7075.940277961141
234100	7088.244416889793
234200	7103.827457069885
234300	7118.794372844335
234400	7135.987025353417
234500	7149.848160600581
234600	7165.147265026229
234700	7180.99063944869
234800	7198.750895292382
234900	7219.09470442991
235000	7239.162492810516
235100	7263.948755181686
235200	7287.090738909494
235300	7309.325627458224
235400	7326.976097612409
235500	7346.496665776358
235600	7363.944675507664
235700	7382.7225726390025
235800	7404.907103621517
235900	7426.479244747199
236000	7447.361965622345
236100	7468.327579032746
236200	7487.655257646111
236300	7507.7790678035235
236400	7528.098314519448
236500	7552.709688444214
236600	7571.809057693055
236700	7589.569803919527
236800	7608.043608392414
236900	7630.573134648323
237000	7656.419649274088
237100	7682.458406884049
237200	7708.703494951478
237300	7735.378213669523
237400	7762.859404455638
237500	7792.656367424235
237600	7824.548005106102
237700	7859.67389221245
237800	7896.790954138094
237900	7937.7726734514
238000	7978.530974295281
238100	8020.242432317114
238200	8062.946344524855
238300	8108.667098594073
238400	8154.927809901303
238500	8199.457554842927
238600	8244.93826229847
238700	8292.123364642553
238800	8338.965106303454
238900	8383.506439820456
239000	8432.247037421213
239100	8481.497001115873
239200	8531.541424462455
239300	8582.76097572426
239400	8637.974091705924
239500	8695.058938063215
239600	8752.575883653713
239700	8812.27323774522
239800	8871.805630678078
239900	8930.546679909516
240000	8986.92224665318
240100	9043.322151571047
240200	9102.63361814589
240300	9157.483201659634
240400	9209.524451440608
240500	9260.667298445129
240600	9314.396553735074
240700	9366.141090466
240800	9419.417840194481
240900	9473.615127279772
241000	9530.68337146123
241100	9592.41091007524
241200	9655.902941881388
241300	9721.325509221642
241400	9784.633728530374
241500	9854.33728012949
241600	9928.731410823646
241700	10004.977152023697
241800	10076.76610036078
241900	10146.022902717523
242000	10210.598550102208
242100	10276.819098635577
242200	10332.775642266206
242300	10385.97847197461
242400	10441.292208675935
242500	10495.827583383187
242600	10549.073925226461
242700	10606.391537373536
242800	10660.325311971828
242900	10709.08027410222
243000	10760.02576992556
243100	10813.927437763603
243200	10864.7423649056
243300	10914.215604885307
243400	10962.150601795816
243500	11006.568014279474
243600	11055.085863722023
243700	11100.331357094692
243800	11151.523667862464
243900	11207.157348501321
244000	11266.181997980573
244100	11326.006495569542
244200	11377.629454115522
244300	11430.419692736235
244400	11477.897115982138
244500	11532.352746894932
244600	11584.719997318636
244700	11628.951675006363
244800	11662.250429857173
244900	11688.474922120105
245000	11721.89366349572
245100	11756.704263167107
245200	11780.223654028727
245300	11805.006705768697
245400	11819.766340389557
245500	11834.230732248572
245600	11841.443527025636
245700	11835.445228488243
245800	11816.852700680145
245900	11809.728251583525
246000	11812.298692313256
246100	11813.616568587022
246200	11820.042866221338
246300	11823.045650097483
246400	11827.666796326404
246500	11818.432447360887
246600	11815.936090838863
246700	11809.964904627821
246800	11798.218407993962
246900	11796.041750638047
247000	11794.511299366888
247100	11784.118636814295
247200	11776.76411626098
247300	11776.05010759295
247400	11760.6496436522
247500	11745.330633694713
247600	11752.430465745681
247700	11735.757867783657
247800	11707.139070122736
247900	11680.71738333872
248000	11665.18894326972
248100	11648.095985593682
248200	11645.97987036797
248300	11655.477145596058
248400	11658.911057655001
248500	11683.786832817364
248600	11754.137203074526
248700	11780.267287595954
248800	11783.648285242205
248900	11774.073122323782
249000	11773.980591990752
249100	11735.809428447508
249200	11744.529700419109
249300	11716.379277642816
249400	11709.890108355496
249500	11819.907023950189
249600	11849.569392442703
249700	12039.88261833787
249800	12219.709382866859
249900	12125.212341457605
250000	12191.549337603152
