# MSD of Single Random Dynabead (H) (Single Random Atom)
LagTime(MCS)	MSD
0	0.0
100	2.590594094072003
200	5.162784697546158
300	7.852669024956413
400	10.497708880866412
500	13.209971278440207
600	15.891286177444272
700	18.56326922221342
800	21.268815865332726
900	23.970177851326298
1000	26.74413489253493
1100	29.479884345724713
1200	32.13642578141298
1300	34.79057851852849
1400	37.45511363039259
1500	40.1388368580956
1600	42.848071625398006
1700	45.58906794374343
1800	48.46118275576737
1900	51.363621819997206
2000	54.218265754927415
2100	57.0107722854591
2200	59.77990711061284
2300	62.52995635726256
2400	65.28252395172603
2500	68.04266083618859
2600	70.76658217574004
2700	73.54741377173923
2800	76.2619337355136
2900	78.8853140345309
3000	81.42800883919699
3100	83.91281512577552
3200	86.31016640295275
3300	88.72703846887453
3400	91.10652407910675
3500	93.5227751667262
3600	95.89913803449599
3700	98.28808579006
3800	100.6967452148674
3900	103.0441714997869
4000	105.42544567491859
4100	107.81381324044196
4200	110.21633302950067
4300	112.56756861798931
4400	114.84944287902908
4500	117.04339101118967
4600	118.97252846555784
4700	120.94347232935252
4800	122.91167575248983
4900	124.85709213017253
5000	126.75174558063736
5100	128.65151372592663
5200	130.4322187929647
5300	132.13956348365173
5400	133.76184889231808
5500	135.35726027650526
5600	136.8733673132956
5700	138.35074188327417
5800	139.78200182435103
5900	141.12692080851411
6000	142.63668956188485
6100	144.21829397417605
6200	145.96093241724884
6300	147.96830770152155
6400	149.98795862263069
6500	152.10508542181924
6600	154.17513351893285
6700	156.28410035651177
6800	158.3803576795035
6900	160.5668217743514
7000	162.65377195650944
7100	164.78428295982303
7200	166.90274706034688
7300	168.98797577648656
7400	171.1062227388611
7500	173.14358306740178
7600	175.08456057979492
7700	177.05821921519237
7800	179.1208099440555
7900	181.03993715438992
8000	182.82413112127688
8100	184.589296688966
8200	186.3075140119181
8300	187.96199472493026
8400	189.57000266114483
8500	191.08546109008603
8600	192.64574968005763
8700	194.16797057329677
8800	195.77563510631444
8900	197.39588396949694
9000	198.98230835748836
9100	200.59640555805527
9200	202.22163019451546
9300	203.71997705550166
9400	205.3525575133972
9500	206.98238493211102
9600	208.72805152501678
9700	210.52611406042706
9800	212.32353367476026
9900	214.1395345464698
10000	215.8428237257176
10100	217.60065404197667
10200	219.32497582613723
10300	221.20267169480212
10400	223.0237298309803
10500	224.7347976816818
10600	226.30362292478094
10700	227.89363368728664
10800	229.42593682027655
10900	231.08612539299065
11000	232.77170466788812
11100	234.48717937717447
11200	236.37184378510574
11300	238.21681597002316
11400	240.01833510841243
11500	241.8890831535682
11600	243.85175331990467
11700	245.79823945072712
11800	247.81129252666142
11900	249.9024356410955
12000	251.9718218462076
12100	254.03845649113646
12200	256.0784352645278
12300	258.1019810716971
12400	260.13676624331856
12500	262.22254002536647
12600	264.279463882267
12700	266.2341006670613
12800	268.22563405765686
12900	270.18276475777384
13000	272.2453068169998
13100	274.38177179871127
13200	276.52773022977635
13300	278.7405990542611
13400	281.09377384057734
13500	283.423599937174
13600	285.7827967631165
13700	288.13613045500824
13800	290.56260441668564
13900	292.94101582083385
14000	295.2074928037473
14100	297.44462298438884
14200	299.69645909057
14300	301.8256637065206
14400	303.93952566065127
14500	305.996112208406
14600	308.0015249076532
14700	310.05201524554286
14800	312.20819338609
14900	314.437380755553
15000	316.55666550667956
15100	318.73869806469884
15200	320.8497712299577
15300	322.99074572039535
15400	325.1776244113571
15500	327.3564175075735
15600	329.5799488527118
15700	331.62404385156697
15800	333.60463202151004
15900	335.7005165061564
16000	337.7977908849134
16100	339.8947498347843
16200	341.99743951502023
16300	344.06439370888984
16400	346.0132425579359
16500	348.0126697618398
16600	350.04941746621625
16700	352.1678617951693
16800	354.2871192507446
16900	356.35849737317767
17000	358.47057588247117
17100	360.6128293966176
17200	362.7424331034417
17300	364.8939416203066
17400	367.17590260802535
17500	369.5504060306703
17600	371.9111260640784
17700	374.4276048797183
17800	376.8541147558135
17900	379.20483681204496
18000	381.53590245719533
18100	383.8303265168215
18200	386.25940396171063
18300	388.6078642437933
18400	390.8642473615473
18500	393.06066335976357
18600	395.2951333816163
18700	397.604578358063
18800	399.7802260151948
18900	401.8376711256569
19000	403.8952388401376
19100	406.04345588956494
19200	408.17504901310895
19300	410.35906394931953
19400	412.6663103379542
19500	415.04468157317024
19600	417.3218630886404
19700	419.62697960069636
19800	421.87967892258894
19900	424.1731141784694
20000	426.44803045358276
20100	428.755633228051
20200	431.153007138113
20300	433.55481945560314
20400	435.8170417614747
20500	438.0707821249962
20600	440.3692380133434
20700	442.72505190310767
20800	444.9916655398556
20900	447.35738508543
21000	449.5867808824405
21100	451.7335109084379
21200	453.88697784161195
21300	455.94325583206955
21400	458.2391761148465
21500	460.62270365451695
21600	463.0576750880573
21700	465.4000513810897
21800	467.7595445769839
21900	470.054682901653
22000	472.3591198827489
22100	474.6447323773755
22200	476.83772235392826
22300	479.1687858947553
22400	481.61950573243666
22500	483.9920720264199
22600	486.3004773867433
22700	488.6220268346369
22800	490.85370164189953
22900	493.09381733322516
23000	495.3343961245264
23100	497.61339345620945
23200	499.7360795256682
23300	501.7428117253585
23400	503.8591677103541
23500	505.8793977566529
23600	508.11754878709326
23700	510.21423769916873
23800	512.3275757627562
23900	514.4425521389348
24000	516.5459162510233
24100	518.7001239240635
24200	520.9522588507389
24300	523.1726025497192
24400	525.3121984686586
24500	527.4603720048326
24600	529.5444540552562
24700	531.6450952217565
24800	533.8758045593277
24900	536.2351100161322
25000	538.4899850929505
25100	540.7431385472883
25200	543.0242201795336
25300	545.4234858401469
25400	547.8186909300275
25500	550.2181602080236
25600	552.6187904216349
25700	555.0738511555246
25800	557.4065639000037
25900	559.7051989447791
26000	561.9708234068239
26100	564.2378043088829
26200	566.6027663728455
26300	568.8157416012255
26400	571.1151567915222
26500	573.4104375551688
26600	575.687380065443
26700	577.9864638446015
26800	580.258473613183
26900	582.4224908012548
27000	584.6112172318972
27100	586.8009583286475
27200	588.8978048520512
27300	591.0036410240573
27400	593.1226846497157
27500	595.2421850798419
27600	597.4737108463887
27700	599.7374274995527
27800	602.026966051606
27900	604.2984169616248
28000	606.5292730031069
28100	608.701625877351
28200	610.9322422759142
28300	613.1504161588382
28400	615.480871958076
28500	617.8261096193455
28600	620.1637535223854
28700	622.4576538022957
28800	624.7561294863117
28900	627.2987392407376
29000	629.7825108792749
29100	632.3044958701357
29200	634.9829797829152
29300	637.4516796896351
29400	639.9218942324515
29500	642.469995272113
29600	644.8570446915692
29700	647.2978156153695
29800	649.7531041653128
29900	652.2527525887708
30000	654.8154998796526
30100	657.3380508640548
30200	659.9225278463564
30300	662.328096592857
30400	664.7205910937628
30500	667.1885912509752
30600	669.5943831555196
30700	672.0252270440687
30800	674.5976372644654
30900	677.2900955001242
31000	679.9056992096594
31100	682.5933864151593
31200	685.2859499365441
31300	687.8509247369366
31400	690.3496113436995
31500	692.890986859391
31600	695.3900962824118
31700	697.8495784422266
31800	700.2750168912462
31900	702.5979227334028
32000	704.8855384111521
32100	707.2861046204343
32200	709.7013893445255
32300	712.1533768982626
32400	714.714747656195
32500	717.2189609178458
32600	719.7693553093704
32700	722.1884579011239
32800	724.4964688778273
32900	726.7622220411431
33000	729.0679002595716
33100	731.4817396788858
33200	733.8966808656696
33300	736.3892401133198
33400	738.8252927795402
33500	741.1569396325503
33600	743.5748221357935
33700	745.907888665155
33800	748.1523979222984
33900	750.3768783541163
34000	752.4168028921704
34100	754.4573982068105
34200	756.5445920274942
34300	758.5649375367211
34400	760.4573829879519
34500	762.3678069422022
34600	764.2716434974573
34700	766.3536177746719
34800	768.4219843798783
34900	770.4589614144061
35000	772.678685951978
35100	774.9726855372428
35200	777.2350429880898
35300	779.5152042499976
35400	781.6260656948434
35500	783.685072356544
35600	785.6821522554383
35700	787.6645686631091
35800	789.6018317652633
35900	791.4356437132228
36000	793.2356720151729
36100	795.111777282611
36200	796.8434052563971
36300	798.497059006826
36400	800.1019372984883
36500	801.700505712186
36600	803.2684270296595
36700	804.882476308092
36800	806.6002653021715
36900	808.322601253516
37000	810.0354162849253
37100	811.697189448867
37200	813.5429591259453
37300	815.3988009284367
37400	817.3058632600005
37500	819.2399189438438
37600	821.0395947632496
37700	822.8951528965845
37800	824.8461235331488
37900	826.7756922825938
38000	828.4208835822064
38100	830.0706847844995
38200	831.8460386359948
38300	833.6779900857364
38400	835.5821018693969
38500	837.595388212183
38600	839.5862106345012
38700	841.515489314741
38800	843.4930771315121
38900	845.4219909820822
39000	847.1796569530852
39100	848.9289886062033
39200	850.6603814191185
39300	852.4164815737167
39400	854.0684903116198
39500	855.769841646601
39600	857.4740446589421
39700	859.1048293384956
39800	860.631992474955
39900	862.2318537742831
40000	863.8822340971674
40100	865.4596341136494
40200	867.1014592095744
40300	868.9044479317381
40400	870.8037495433236
40500	872.7664565658779
40600	874.7166391754872
40700	876.6508222044795
40800	878.8079187155236
40900	880.9180678472621
41000	882.9774391732644
41100	885.1204083374469
41200	887.4382169865421
41300	889.7486296773423
41400	892.0199074352277
41500	894.2778422379633
41600	896.5560706374818
41700	898.7695378306671
41800	901.1589997920091
41900	903.5824034819962
42000	905.8782973430352
42100	908.2638790675555
42200	910.6480650501908
42300	912.8916891798144
42400	915.0587911112234
42500	917.4109405807685
42600	919.7643345715478
42700	922.0350786804338
42800	924.3834303378244
42900	926.659538173175
43000	928.802356573462
43100	930.9485741972458
43200	933.1051442428725
43300	935.1884664394311
43400	937.19468144438
43500	939.3185745591763
43600	941.3726971584256
43700	943.4675924906624
43800	945.7581231691875
43900	947.9372035678825
44000	950.057682773564
44100	952.1555532466737
44200	954.1861378859612
44300	956.1337427336839
44400	958.1419198877411
44500	960.319934833562
44600	962.405039189558
44700	964.5412995620281
44800	966.6034138972755
44900	968.4063041679328
45000	970.2708883867599
45100	972.014873866865
45200	973.7059803035227
45300	975.4157617058372
45400	977.2916763708345
45500	979.0387934830505
45600	980.7452977292705
45700	982.2932463244069
45800	983.8236264839652
45900	985.1745675051934
46000	986.552211407281
46100	987.969789439463
46200	989.7408187807305
46300	991.4092526591267
46400	993.0630540064885
46500	994.805938056088
46600	996.5982416646439
46700	998.3254816114786
46800	999.8480645513046
46900	1001.3455395268393
47000	1002.9925737979938
47100	1004.6672588111251
47200	1006.4618309398647
47300	1008.1920239843894
47400	1009.8145278845332
47500	1011.3836975340382
47600	1012.9321383195929
47700	1014.3563459326979
47800	1015.622899128357
47900	1016.8863742963294
48000	1018.0283946913551
48100	1019.1926787130651
48200	1020.3274430293241
48300	1021.3122180014616
48400	1022.2231868174858
48500	1022.9990156113054
48600	1024.0826866622083
48700	1025.2597915203078
48800	1026.3771928607603
48900	1027.366380766267
49000	1028.41286992823
49100	1029.492493274738
49200	1030.549680415541
49300	1031.4327131314203
49400	1032.3927685737144
49500	1033.4300193932722
49600	1034.5485496991896
49700	1035.7193639045
49800	1036.9944781329832
49900	1038.280490497942
50000	1039.4659288194962
50100	1040.5039140506415
50200	1041.343664172804
50300	1042.2089924002648
50400	1043.1627931062249
50500	1044.1747784164036
50600	1045.1361677697278
50700	1046.1458058746648
50800	1047.1444254327216
50900	1048.137015776243
51000	1049.1870270559448
51100	1050.464840679313
51200	1051.7942116601043
51300	1053.1977548277937
51400	1054.5814571032533
51500	1055.8649546157685
51600	1057.014713913668
51700	1057.9603195451782
51800	1058.9419827204547
51900	1059.9621104261605
52000	1061.0733083830564
52100	1062.2562989412108
52200	1063.4935932515073
52300	1064.8101005188073
52400	1066.1757887552376
52500	1067.5025707380846
52600	1068.8047455091146
52700	1070.1230267358478
52800	1071.3420241541462
52900	1072.5488028891268
53000	1074.0873750508763
53100	1075.6023632996948
53200	1077.155761975504
53300	1078.6691562338965
53400	1080.0309757209616
53500	1081.357823143364
53600	1082.5476440969505
53700	1083.9635637926986
53800	1085.3391855014488
53900	1086.7203751280322
54000	1087.9794874345534
54100	1089.0739908863325
54200	1090.1118903182796
54300	1091.2449168086168
54400	1092.1508368244977
54500	1093.286352608644
54600	1094.531244362297
54700	1095.7820711617242
54800	1097.1808944811346
54900	1098.6583405748243
55000	1100.2722234734683
55100	1101.909587975184
55200	1103.4765224722214
55300	1104.9482944232295
55400	1106.4009850482107
55500	1107.9264990080264
55600	1109.3095108329435
55700	1110.6030160241062
55800	1112.0213093140628
55900	1113.3144553827588
56000	1114.4271187540144
56100	1115.446688776312
56200	1116.6182227878016
56300	1117.765918295714
56400	1118.8506758852163
56500	1119.9949118131772
56600	1121.0675868961262
56700	1122.1821215184173
56800	1123.4355779516627
56900	1124.9696468894253
57000	1126.4171487691929
57100	1127.7178764106939
57200	1128.9974585616728
57300	1130.4489784732577
57400	1132.0015977888834
57500	1133.741646489536
57600	1135.5271310313838
57700	1137.320939785859
57800	1139.1286214710562
57900	1140.9262175034964
58000	1142.6822496302775
58100	1144.3782852652948
58200	1146.0761272161617
58300	1147.8781119480263
58400	1149.6988395973458
58500	1151.713592906075
58600	1154.0215349206119
58700	1156.4475683980854
58800	1158.8381782940705
58900	1161.301318343787
59000	1163.8170069789048
59100	1166.4119264885085
59200	1169.0417869864614
59300	1171.667870045174
59400	1174.2816774693201
59500	1176.7197406528867
59600	1179.1443852556986
59700	1181.564562866406
59800	1183.9256742986036
59900	1186.352950776287
60000	1188.891943328199
60100	1191.3617479994427
60200	1193.8856565637398
60300	1196.1587513403501
60400	1198.5905138727394
60500	1200.8524451233097
60600	1203.0487057775608
60700	1205.4256577938795
60800	1207.8198417538079
60900	1210.5471243665088
61000	1213.1517492792336
61100	1215.828431193484
61200	1218.5058758367668
61300	1221.068641120568
61400	1223.6706705618417
61500	1226.3031603656127
61600	1228.9113347706734
61700	1231.4950552649098
61800	1234.1169122871943
61900	1236.7331049239147
62000	1239.2729142848984
62100	1241.811147849192
62200	1244.2622119015432
62300	1246.8147228771122
62400	1249.2767539694323
62500	1251.7447281426284
62600	1254.207461383543
62700	1256.6147732037352
62800	1258.9663487112266
62900	1261.4059987266082
63000	1263.8915257721674
63100	1266.4684779804084
63200	1269.0811591207748
63300	1271.4894739711308
63400	1273.8686928921961
63500	1276.1111429430894
63600	1278.3270391599508
63700	1280.5427809661487
63800	1282.8431275864132
63900	1285.067679969652
64000	1287.2158633295912
64100	1289.4552130180527
64200	1291.4155635691714
64300	1293.1756279661204
64400	1294.8102715372806
64500	1296.451649554656
64600	1298.396151990164
64700	1300.4106733947992
64800	1302.4891664935276
64900	1304.253314242931
65000	1305.9079778637388
65100	1307.666830273345
65200	1309.3703153622919
65300	1311.2605133976904
65400	1312.884465460491
65500	1314.4322977432748
65600	1316.04523649154
65700	1317.6125087219407
65800	1319.1910673701786
65900	1320.8079415382817
66000	1322.6080658358405
66100	1324.270026814309
66200	1325.9114300652873
66300	1327.5720838653506
66400	1329.1621555488673
66500	1330.7862168910797
66600	1332.516207016306
66700	1334.2585561478627
66800	1336.0330124414759
66900	1337.74723570887
67000	1339.4506412936025
67100	1341.1880733448197
67200	1342.9827496582293
67300	1344.8223174475715
67400	1346.5074849933735
67500	1348.244303221465
67600	1349.9517649023328
67700	1351.9079100988456
67800	1353.8660493147909
67900	1355.7769623729982
68000	1357.694839194708
68100	1359.4990849837777
68200	1361.1050295113237
68300	1362.7437633777736
68400	1364.1445057392702
68500	1365.5541812314768
68600	1366.8680727137835
68700	1368.027277426445
68800	1369.1101256339462
68900	1370.326251261402
69000	1371.4064067479922
69100	1372.3500393163995
69200	1373.3037320119329
69300	1374.162346244906
69400	1375.1065425181878
69500	1375.9483917872421
69600	1376.8756097133737
69700	1377.9569183426793
69800	1378.99195191951
69900	1380.0332178581739
70000	1381.0760000695009
70100	1382.0728485755972
70200	1383.2168047064915
70300	1384.3132168238517
70400	1385.3698593159206
70500	1386.426881666237
70600	1387.5726861737203
70700	1388.76437502529
70800	1389.9482300637756
70900	1391.2548484785366
71000	1392.4722060117056
71100	1393.514564264391
71200	1394.5323550149333
71300	1395.5278055193485
71400	1396.4637272423133
71500	1397.4262171129812
71600	1398.405852136144
71700	1399.296607494005
71800	1400.2083371340414
71900	1401.1664534782176
72000	1402.13561599073
72100	1403.1631562390248
72200	1404.306171022472
72300	1405.4456878855708
72400	1406.6621080675395
72500	1407.9138876028592
72600	1409.25637065724
72700	1410.6506757814204
72800	1411.967383923824
72900	1413.2571258192183
73000	1414.364371073898
73100	1415.5136594815413
73200	1416.763724831515
73300	1417.9974395314348
73400	1419.0600846478483
73500	1420.059408330184
73600	1421.0366204826278
73700	1422.086806946434
73800	1423.3798846098362
73900	1424.492516637838
74000	1425.8031804345082
74100	1427.1760663228924
74200	1428.481152542343
74300	1429.6925965260016
74400	1431.071558816533
74500	1432.5450059141149
74600	1433.9759658560506
74700	1435.390301552834
74800	1436.7958621360012
74900	1438.0573699191445
75000	1439.1372571370448
75100	1440.2234365836484
75200	1441.307220050192
75300	1442.2747011198662
75400	1443.214037807542
75500	1444.2613803938148
75600	1445.3044292036793
75700	1446.3068847099203
75800	1447.4176406761399
75900	1448.7024319944321
76000	1449.936822575226
76100	1451.181194288074
76200	1452.6038886445458
76300	1454.1262230280554
76400	1455.4883114396944
76500	1456.7710345661617
76600	1458.0816442218493
76700	1459.344117139699
76800	1460.4251099996618
76900	1461.4844353617518
77000	1462.520864268823
77100	1463.5229063989827
77200	1464.6482961664442
77300	1465.7739309553872
77400	1467.0319875279092
77500	1468.057678555895
77600	1469.2313211185392
77700	1470.4637974419165
77800	1471.8456145368982
77900	1473.1795590937254
78000	1474.4896499484312
78100	1475.8717590201413
78200	1477.160584147845
78300	1478.5838467000867
78400	1479.8180137646268
78500	1481.043795497215
78600	1482.1157529928605
78700	1482.9883866446326
78800	1483.904292475374
78900	1484.721761170891
79000	1485.4727282659733
79100	1486.048232318135
79200	1486.5761345245992
79300	1487.1309641540283
79400	1487.824862881098
79500	1488.6473969035433
79600	1489.4950463897549
79700	1490.2258418063284
79800	1491.0231652337243
79900	1491.5723075565766
80000	1492.4923774535418
80100	1493.4678837712272
80200	1494.4028513997328
80300	1495.0956385514
80400	1495.979767722427
80500	1496.8420842075138
80600	1497.5794254550128
80700	1498.256069886731
80800	1498.9567992467782
80900	1499.6951934227254
81000	1500.5827192004072
81100	1501.7168227543007
81200	1502.9981239693007
81300	1504.1935766286915
81400	1505.3382959712762
81500	1506.5818051241222
81600	1507.7273590835975
81700	1508.7189175877138
81800	1509.734530009213
81900	1510.8790923829074
82000	1512.170443038165
82100	1513.724008776364
82200	1515.3936730418354
82300	1517.0532117554685
82400	1518.7558562736376
82500	1520.5651723120827
82600	1522.2265720070573
82700	1523.740558454534
82800	1525.1494743683143
82900	1526.6577400357346
83000	1528.1865529510542
83100	1529.857013971021
83200	1531.4742770802695
83300	1533.385041677975
83400	1535.334331758495
83500	1537.3707317991066
83600	1539.4735946392757
83700	1541.6810883103753
83800	1543.9698227781919
83900	1546.2455608953023
84000	1548.5483516955283
84100	1550.6008592399303
84200	1552.7955357889296
84300	1554.8014696615865
84400	1556.8222891418263
84500	1558.941326066095
84600	1561.186292631959
84700	1563.321442780376
84800	1565.436175779556
84900	1567.7044830436935
85000	1569.8934730361798
85100	1571.9233383293613
85200	1573.9931811355054
85300	1576.1424408931052
85400	1578.3043762113084
85500	1580.5051139745628
85600	1582.9120074061211
85700	1585.2566197829437
85800	1587.5988339615287
85900	1590.0149466809817
86000	1592.2785131389974
86100	1594.414670432976
86200	1596.552204278123
86300	1598.5509691378684
86400	1600.512008268095
86500	1602.3300554204616
86600	1604.0298953641322
86700	1605.765866703412
86800	1607.4782993395347
86900	1609.1863744259463
87000	1610.9573728342075
87100	1612.9450481142849
87200	1614.9750246090116
87300	1617.2207325586933
87400	1619.4853447173955
87500	1621.9186986931018
87600	1624.2161933062016
87700	1626.4969233670272
87800	1628.8249157801038
87900	1631.1262734584743
88000	1633.5383403097512
88100	1635.8141193569172
88200	1638.1375240751076
88300	1640.4414496487007
88400	1642.5867797879037
88500	1644.8223014688701
88600	1646.9131592443446
88700	1648.7802734881989
88800	1650.5348832643358
88900	1652.2233845409355
89000	1653.9471175152576
89100	1655.623577432707
89200	1657.0426634549513
89300	1658.527052950114
89400	1660.176717641647
89500	1661.7582293496234
89600	1663.284428799816
89700	1664.925019821152
89800	1666.7869980874239
89900	1668.6589260064648
90000	1670.3988000753452
90100	1672.1413718513795
90200	1674.1168033080758
90300	1676.1285921812523
90400	1678.2595788109466
90500	1680.4361851030844
90600	1682.6917081804713
90700	1685.0445053877775
90800	1687.5118814124144
90900	1690.0032310507377
91000	1692.6330436551943
91100	1695.5255282197613
91200	1698.255445771094
91300	1701.1360350556206
91400	1704.0372245672042
91500	1707.1490928904968
91600	1710.2417098194128
91700	1713.3763100313372
91800	1716.243067456584
91900	1719.1288259715657
92000	1721.814576744102
92100	1724.3200217664707
92200	1727.1198028423241
92300	1729.8733458610368
92400	1732.6952824845794
92500	1735.4198139842483
92600	1737.9971192137455
92700	1740.7150261108181
92800	1743.5150719123776
92900	1746.4683704892523
93000	1749.4507192002493
93100	1752.554961004178
93200	1755.7196758308564
93300	1758.966293130943
93400	1761.9881567705888
93500	1765.1317860206473
93600	1768.2477174575906
93700	1771.355133604724
93800	1774.299774559273
93900	1777.243083903275
94000	1780.2003652434796
94100	1783.4129008268937
94200	1786.574113514158
94300	1789.4580495515256
94400	1792.4776060925797
94500	1795.5503058568574
94600	1798.5012203033548
94700	1801.5745419212617
94800	1804.7310901936144
94900	1807.8153009475209
95000	1810.918580565136
95100	1813.9935760492226
95200	1817.139366860094
95300	1820.238682047755
95400	1823.2172657208284
95500	1826.1911514824023
95600	1829.0893174090888
95700	1832.1044701476349
95800	1835.2141056234832
95900	1838.3261691948865
96000	1841.4347176434821
96100	1844.7368533840636
96200	1848.0599879977526
96300	1851.456082148885
96400	1855.045974128123
96500	1858.886622514343
96600	1862.8732960711932
96700	1867.0072003670502
96800	1870.9762445011293
96900	1874.9417239238392
97000	1878.959728404996
97100	1883.0415949303424
97200	1886.9525642352528
97300	1890.8485513247433
97400	1894.7378835376003
97500	1898.5181665357668
97600	1902.1853921340662
97700	1905.7632165780524
97800	1909.2292735600495
97900	1912.70260660263
98000	1916.1724941622233
98100	1919.6219066064805
98200	1923.2873025619192
98300	1926.9292678436614
98400	1930.452220523497
98500	1933.9785840444965
98600	1937.415801149793
98700	1940.785098317312
98800	1944.0944463316118
98900	1947.6045792443329
99000	1951.127569121134
99100	1954.7346766344272
99200	1958.3786736237234
99300	1961.9762198085082
99400	1965.7239832971245
99500	1969.4064304826315
99600	1973.077172526042
99700	1976.7257766234688
99800	1980.4911420430872
99900	1984.1646493081353
100000	1987.9849226091756
100100	1991.7644437940326
100200	1995.551129604457
100300	1999.278196751955
100400	2003.0738791542244
100500	2006.666996925429
100600	2010.3483690557769
100700	2013.9585388905252
100800	2017.6216992817353
100900	2021.368102630484
101000	2025.0514953347738
101100	2028.6615269155009
101200	2032.1427449504263
101300	2035.636554255616
101400	2039.057289494318
101500	2042.6960687588435
101600	2046.3512458391488
101700	2050.1343291124795
101800	2053.938384588517
101900	2057.6826879836153
102000	2061.2649319015327
102100	2064.7906243918696
102200	2068.1921975857113
102300	2071.8087529711192
102400	2075.4992752139224
102500	2079.2719117558445
102600	2083.157793289225
102700	2087.202918788651
102800	2091.4064398595365
102900	2095.5531715994002
103000	2099.636835431156
103100	2103.5679149251664
103200	2107.3764339484624
103300	2111.156492673792
103400	2114.8327498352737
103500	2118.521422983671
103600	2122.330521891068
103700	2125.9367431480205
103800	2129.4681741061504
103900	2132.9928325654473
104000	2136.595406319713
104100	2140.3409049488255
104200	2144.0386168493424
104300	2148.017448354687
104400	2152.05742686789
104500	2156.1385017026914
104600	2160.3275301959366
104700	2164.489750101231
104800	2168.8849901255453
104900	2173.205773726222
105000	2177.5833770768368
105100	2181.9285665593925
105200	2186.405091791763
105300	2190.844523796637
105400	2195.203834073269
105500	2199.7374921568553
105600	2204.30245702283
105700	2208.963372173719
105800	2213.7082842956297
105900	2218.509942399687
106000	2223.2700991232996
106100	2228.0407925925683
106200	2232.888436948124
106300	2237.744093969057
106400	2242.5351979514817
106500	2247.3272266473505
106600	2251.8253242339706
106700	2256.0436455442687
106800	2260.3173202426406
106900	2264.650609701057
107000	2268.993771203852
107100	2273.490901900397
107200	2277.916957678739
107300	2282.2139108928386
107400	2286.5128990213852
107500	2290.997736877238
107600	2295.6246961233555
107700	2300.387351730955
107800	2305.1034346951637
107900	2309.965043789998
108000	2314.6635418696096
108100	2319.4239314398146
108200	2324.0277143840794
108300	2328.5507612682413
108400	2333.134424048476
108500	2337.7523812273866
108600	2342.367236828839
108700	2347.109281236655
108800	2351.916973478161
108900	2356.6238258069498
109000	2361.376120572386
109100	2366.0463851959794
109200	2370.7193328724243
109300	2375.33689010283
109400	2380.0332554119523
109500	2384.7607605165686
109600	2389.557928429742
109700	2394.3489387945738
109800	2398.8353580424446
109900	2403.184507138154
110000	2407.522195198282
110100	2411.7856653292547
110200	2416.2351174692158
110300	2420.8404014242697
110400	2425.5920759236906
110500	2430.3403144155745
110600	2435.1117957361857
110700	2439.6717971707694
110800	2444.2973348011146
110900	2448.9792081663036
111000	2453.5854809506563
111100	2458.351528680825
111200	2463.226494131086
111300	2467.9508398840553
111400	2472.4561875118525
111500	2477.09706512274
111600	2481.5786570756463
111700	2485.989275209664
111800	2490.474645985116
111900	2494.893612254993
112000	2499.042710356356
112100	2503.355065888609
112200	2507.3947685377207
112300	2511.317690344469
112400	2515.1565619240864
112500	2518.930197420472
112600	2522.570183799311
112700	2526.007574980089
112800	2529.3532222787035
112900	2532.7664973207866
113000	2536.387388479081
113100	2540.0066313845455
113200	2543.452730156656
113300	2546.664540881233
113400	2550.0275423470302
113500	2553.4646533040795
113600	2557.0230717709055
113700	2560.4968517674715
113800	2563.9816381572746
113900	2567.561275190208
114000	2571.18446782924
114100	2575.0950223930413
114200	2578.9798940797336
114300	2582.8827743752627
114400	2586.816122102784
114500	2590.7722804332734
114600	2594.83106501546
114700	2598.764575217094
114800	2602.7667374921148
114900	2606.7535314355628
115000	2610.617023744795
115100	2614.2476461474434
115200	2617.826442016172
115300	2621.2647754626814
115400	2624.593475296977
115500	2627.904084070353
115600	2631.2464658038225
115700	2634.6919574826607
115800	2638.381179558928
115900	2641.967335672234
116000	2645.51995315752
116100	2649.1035887653707
116200	2652.613252871728
116300	2656.4101123182336
116400	2660.211778463621
116500	2664.2180298647727
116600	2668.189482103975
116700	2672.083791599842
116800	2676.151724821655
116900	2680.3123871159623
117000	2684.758425171778
117100	2689.17388158862
117200	2693.71510599833
117300	2698.2482992036967
117400	2702.6959966475843
117500	2707.2785773670767
117600	2711.8895493485034
117700	2716.6029785958817
117800	2721.155016722565
117900	2725.7301751225023
118000	2730.417105462344
118100	2735.1508767887717
118200	2739.9415170387365
118300	2744.6631973714684
118400	2749.520332759712
118500	2754.421827925951
118600	2759.2441810818273
118700	2764.036078166566
118800	2768.8792554273386
118900	2773.7312143933377
119000	2778.4145474963007
119100	2783.0577006872627
119200	2787.5746170720086
119300	2791.7659650725545
119400	2795.8866208923864
119500	2799.9290027699317
119600	2803.9746346322354
119700	2807.9103246863815
119800	2811.844628552615
119900	2815.6800203280873
120000	2819.417837062443
120100	2823.0501783118816
120200	2826.9199229590013
120300	2830.800910251972
120400	2834.7797396659153
120500	2838.7205084345187
120600	2842.7866757092415
120700	2846.6993621537695
120800	2850.482993756479
120900	2854.1236475451733
121000	2857.6320392929483
121100	2861.099660280219
121200	2864.727589711838
121300	2868.459852787317
121400	2872.0097278836765
121500	2875.5873534382554
121600	2878.798694331199
121700	2881.8143923737807
121800	2884.4941929363413
121900	2887.3233674153453
122000	2890.0109009611188
122100	2892.955875211861
122200	2895.8915370044997
122300	2899.0066367609543
122400	2902.1285167678725
122500	2905.0833156665904
122600	2907.75053290464
122700	2910.014414798643
122800	2912.203119145881
122900	2914.3959320303984
123000	2916.7214710180997
123100	2919.0287564542377
123200	2921.3052776157274
123300	2923.6833362456528
123400	2926.2039699156885
123500	2928.6687783655943
123600	2930.9259334160015
123700	2933.017863241723
123800	2935.4443256570958
123900	2937.9263204868766
124000	2940.37543959904
124100	2942.7974001379334
124200	2945.2775200031465
124300	2947.907808186719
124400	2950.69704005745
124500	2953.431493088545
124600	2956.1334432782023
124700	2958.9718423398444
124800	2961.685619598953
124900	2964.6795915915864
125000	2967.7015000339597
125100	2970.672788725118
125200	2973.6178747628583
125300	2976.4874843179714
125400	2979.393699335458
125500	2982.2624813212315
125600	2985.093978299701
125700	2987.8310161483823
125800	2990.504357487196
125900	2993.2147200062755
126000	2996.013104166428
126100	2998.6283334425534
126200	3001.1694263598765
126300	3003.894667951914
126400	3006.391527540749
126500	3008.747581223608
126600	3010.7628639196046
126700	3012.5958692292916
126800	3014.576191352273
126900	3016.592537413817
127000	3018.809742852638
127100	3021.013974263391
127200	3023.126131471421
127300	3025.382102769974
127400	3027.694599813898
127500	3029.8215763954213
127600	3032.0099897967884
127700	3033.9106501662172
127800	3035.712766582088
127900	3037.6817479057936
128000	3039.610177659022
128100	3041.5995971498196
128200	3043.7826265341137
128300	3045.89301232202
128400	3047.8168145799427
128500	3049.723140919581
128600	3051.5841944524436
128700	3053.231480343442
128800	3054.6845877011656
128900	3055.984311832406
129000	3057.31511971727
129100	3058.7546882841852
129200	3060.2571985908435
129300	3061.703595703235
129400	3062.953101554187
129500	3064.064213759266
129600	3065.1449352211202
129700	3066.1314545292407
129800	3067.198491256044
129900	3068.3789749763673
130000	3069.4262707669404
130100	3070.356373064802
130200	3071.267714516085
130300	3072.372312937805
130400	3073.4460151514504
130500	3074.6778638390824
130600	3075.9180599495885
130700	3077.171742716513
130800	3078.292039152817
130900	3079.389327761135
131000	3080.493930408964
131100	3081.512814528309
131200	3082.44825592672
131300	3083.302909414575
131400	3084.343235500506
131500	3085.3577303074417
131600	3086.2552890303778
131700	3087.2118556536734
131800	3088.0694164090673
131900	3088.938808010367
132000	3089.5765532468795
132100	3090.1270337537862
132200	3090.7205186822684
132300	3091.496516334999
132400	3092.541343172954
132500	3093.2448849934735
132600	3093.4377814839827
132700	3093.377322569955
132800	3092.8492268435075
132900	3092.4598104039906
133000	3092.4339210910257
133100	3092.7813081739587
133200	3093.299319506914
133300	3093.8525338010513
133400	3094.5765965806786
133500	3095.475047975313
133600	3096.173435810022
133700	3096.605693811376
133800	3096.8820370096364
133900	3097.266749049828
134000	3097.6839884754154
134100	3098.1280613541603
134200	3098.6747872556443
134300	3099.1296891270904
134400	3099.566801185836
134500	3100.015654597024
134600	3100.84270139772
134700	3101.8534281328903
134800	3103.063476784795
134900	3104.4581169034354
135000	3105.936822367017
135100	3107.4468402463826
135200	3108.5691112571512
135300	3109.760068042786
135400	3110.9505423982046
135500	3111.850842496264
135600	3112.7624770275434
135700	3113.6362667580834
135800	3114.465082349372
135900	3115.380084616714
136000	3116.327829402231
136100	3117.317412802193
136200	3118.0678296311526
136300	3119.0640192013816
136400	3120.1195524465875
136500	3121.400676677993
136600	3122.6660349317244
136700	3123.9956288535614
136800	3125.6051687120344
136900	3127.559373511118
137000	3129.4767071600654
137100	3131.4530995952664
137200	3133.56606066355
137300	3135.945545685827
137400	3138.070037228288
137500	3140.291295820789
137600	3142.258809545776
137700	3144.320581930515
137800	3146.5776280275895
137900	3148.4966614111327
138000	3150.33503865049
138100	3152.2224834662047
138200	3154.3125481107854
138300	3156.3395982525544
138400	3158.5885324158007
138500	3160.600455854088
138600	3162.569104863098
138700	3164.4285567578627
138800	3166.2210447210236
138900	3168.1549382564845
139000	3170.0070267094416
139100	3172.008434310206
139200	3174.3918985101627
139300	3176.637434285891
139400	3178.5882770374883
139500	3180.491567367397
139600	3182.4907023746637
139700	3184.60961100657
139800	3186.5475550701376
139900	3188.423355523788
140000	3190.5463485880173
140100	3192.8765497426502
140200	3195.0625496070134
140300	3197.38347281242
140400	3199.7198172410717
140500	3201.8599117099075
140600	3204.1112737545045
140700	3206.5381773787085
140800	3208.8588479676982
140900	3211.603731939278
141000	3214.4141801869846
141100	3217.3297329857014
141200	3219.865040191391
141300	3222.163825248368
141400	3224.0280135353096
141500	3225.8113266211003
141600	3227.6837015445926
141700	3229.6818777921144
141800	3232.0684401652543
141900	3234.6491568162455
142000	3237.2258841638104
142100	3239.418987548619
142200	3241.5754109104746
142300	3243.4117529973155
142400	3245.2228690799675
142500	3246.9723375641624
142600	3249.0653542462387
142700	3251.12947467505
142800	3253.3551276991493
142900	3255.5613951336127
143000	3257.7558250331786
143100	3259.7542258619214
143200	3261.820026249101
143300	3263.974157251301
143400	3266.029995539924
143500	3267.9322355880286
143600	3269.435513328819
143700	3270.786674222676
143800	3272.2195430147694
143900	3273.729737995018
144000	3275.2571928875404
144100	3276.6297815868747
144200	3277.929362599156
144300	3279.300184241263
144400	3280.782391491288
144500	3282.2258209631545
144600	3283.9777131874
144700	3286.1366752460017
144800	3288.1306518600322
144900	3290.018352783867
145000	3291.8005117193097
145100	3293.8976493764785
145200	3296.0789476158097
145300	3298.2366427556844
145400	3300.3474343483686
145500	3302.4877999302116
145600	3304.788199787028
145700	3307.3620217572898
145800	3310.078977541125
145900	3312.91783593077
146000	3315.8374938454945
146100	3319.005166448711
146200	3322.216168605257
146300	3325.937378196453
146400	3329.5888139653835
146500	3333.221783474728
146600	3336.6253471541568
146700	3340.016089143348
146800	3343.4186188715394
146900	3346.8991650932585
147000	3350.416237298283
147100	3353.757346956292
147200	3356.8301103712292
147300	3359.6941646022606
147400	3362.6476030247286
147500	3365.6129889875883
147600	3368.732314242865
147700	3372.0276963041397
147800	3375.2538860706263
147900	3378.7904494786053
148000	3382.488937570597
148100	3385.6808566494146
148200	3389.090296574228
148300	3392.6748218480498
148400	3395.994371846027
148500	3399.3355415600236
148600	3402.9103504210943
148700	3406.280892366951
148800	3410.0639932711492
148900	3413.937645925849
149000	3417.5497638859088
149100	3420.8519825557596
149200	3424.4560362255434
149300	3427.910090915684
149400	3431.3123555795755
149500	3434.706861967861
149600	3437.964560616878
149700	3440.955872249964
149800	3443.8688132985844
149900	3447.0094976124237
150000	3450.128236821911
150100	3453.3226922338363
150200	3456.6860222849646
150300	3460.011448253703
150400	3463.3698247342254
150500	3466.80541150755
150600	3469.903107793478
150700	3472.9328114021337
150800	3475.9326967220404
150900	3479.253310897737
151000	3482.2656666854746
151100	3485.579232121934
151200	3488.9424310165923
151300	3492.829740488436
151400	3497.0590365199605
151500	3501.413018880936
151600	3505.8734743068926
151700	3510.1102862044936
151800	3514.3938473153976
151900	3518.5761957727373
152000	3522.8224243401783
152100	3527.19937356672
152200	3531.4420070449123
152300	3535.491418184538
152400	3539.3502379108104
152500	3543.3742457702756
152600	3547.4207347417832
152700	3551.2794167583925
152800	3555.0726407501497
152900	3558.9116279982845
153000	3562.8816951018525
153100	3566.5722834461485
153200	3570.3561162378755
153300	3573.89132256218
153400	3577.158680867811
153500	3580.717946841847
153600	3584.261240735941
153700	3587.7821675072773
153800	3591.5204647491337
153900	3595.360248089826
154000	3599.111205046065
154100	3602.664234309981
154200	3606.3196360903094
154300	3610.096458838845
154400	3613.751691110956
154500	3617.597078458348
154600	3621.9177967271535
154700	3626.049862395157
154800	3630.6393239962053
154900	3634.984924974444
155000	3639.494955477363
155100	3644.054651096987
155200	3649.053198860376
155300	3654.1255202181637
155400	3659.1948662806535
155500	3664.4316440770635
155600	3669.984061038529
155700	3675.1681944020092
155800	3679.9785994812264
155900	3684.8748275648104
156000	3689.3219683721545
156100	3693.630572870141
156200	3698.5197836958687
156300	3703.3750805459567
156400	3708.2358281169436
156500	3713.2448614610475
156600	3718.1371146566817
156700	3723.1297261175932
156800	3727.9077473391662
156900	3732.5394310486736
157000	3737.351119481027
157100	3741.995867204969
157200	3746.9640042454703
157300	3752.031936988409
157400	3757.2281058364315
157500	3762.6772822850617
157600	3768.5263076125993
157700	3774.1861857784097
157800	3779.6896649256814
157900	3785.3744041846367
158000	3791.0879281917587
158100	3797.1211524900864
158200	3803.114662885084
158300	3809.2230442690197
158400	3815.417982172745
158500	3821.460965213075
158600	3827.6328555569053
158700	3833.792844534968
158800	3840.2169698076323
158900	3846.470283479197
159000	3852.9448432353674
159100	3859.3873429378727
159200	3865.6838991285767
159300	3872.163776614412
159400	3878.674905672844
159500	3885.1614198988536
159600	3891.359945743752
159700	3897.494331544731
159800	3903.715100933565
159900	3910.470113873016
160000	3917.476897716522
160100	3924.6503903837292
160200	3931.9655426383833
160300	3939.0928198337206
160400	3946.0250618050923
160500	3952.9890038188314
160600	3960.0655925329775
160700	3967.1221997117973
160800	3973.9545596490498
160900	3980.999942991184
161000	3988.508865562675
161100	3996.06635734305
161200	4003.5661930433707
161300	4011.0875472578336
161400	4018.727564463683
161500	4026.56633131305
161600	4034.2330478497315
161700	4041.8609644416138
161800	4049.499071663886
161900	4057.3085753956693
162000	4065.3368899247143
162100	4073.3916406391654
162200	4081.5918248001835
162300	4090.0651873711613
162400	4098.426738981681
162500	4106.637634586543
162600	4114.898841467977
162700	4122.913081953535
162800	4130.749129659671
162900	4138.6790604343405
163000	4146.721494502446
163100	4154.678015613579
163200	4162.679386709118
163300	4170.9694066125085
163400	4178.785913843894
163500	4186.203704520536
163600	4193.858965081221
163700	4201.545575241267
163800	4208.8865700757015
163900	4216.155913762574
164000	4223.539018039359
164100	4231.1853307486745
164200	4238.554151948774
164300	4246.120423122367
164400	4253.895269384026
164500	4261.583498451277
164600	4269.208882308507
164700	4276.821309588151
164800	4284.035608062928
164900	4291.254254680942
165000	4298.552886175807
165100	4305.733876768732
165200	4312.789447304851
165300	4320.1021256025415
165400	4327.576260569564
165500	4335.482478708669
165600	4343.452452463913
165700	4351.271198138362
165800	4359.204808562936
165900	4367.13607939129
166000	4374.75005028001
166100	4382.103092262812
166200	4389.341698187462
166300	4396.599545800709
166400	4403.518718759122
166500	4410.508581976523
166600	4417.939112804772
166700	4425.212109790649
166800	4432.33494136337
166900	4439.800646140939
167000	4447.265142076125
167100	4454.730625714874
167200	4462.209286560712
167300	4469.81856199872
167400	4477.352212318743
167500	4484.730128406663
167600	4492.507821247564
167700	4500.580180973338
167800	4508.849664308829
167900	4517.078717161843
168000	4525.551541443972
168100	4534.05598935415
168200	4542.665919486317
168300	4551.415184647718
168400	4560.0381372322445
168500	4568.927852865658
168600	4577.886205026531
168700	4586.721144297975
168800	4595.803404150996
168900	4604.6208408302045
169000	4613.433479556756
169100	4622.345848219469
169200	4631.472875285486
169300	4640.6727879709215
169400	4649.405359034601
169500	4657.7076973179355
169600	4665.458848155278
169700	4673.594680509181
169800	4681.262055757514
169900	4688.832422012871
170000	4696.090089528414
170100	4703.382813054661
170200	4710.789098094625
170300	4718.836247217259
170400	4726.8162988167605
170500	4734.590528513654
170600	4742.135028817516
170700	4749.722681504616
170800	4757.38242101355
170900	4764.862798082933
171000	4772.25661366916
171100	4779.199512381456
171200	4786.034753672313
171300	4792.865685934841
171400	4799.7473568312125
171500	4806.416475980659
171600	4813.416087748017
171700	4820.789110136044
171800	4828.248769664904
171900	4835.423056569998
172000	4842.908631790429
172100	4850.36177169095
172200	4858.02179919515
172300	4866.112047737581
172400	4874.400430352718
172500	4882.716638898186
172600	4891.205609849887
172700	4899.370570799569
172800	4907.449955732969
172900	4915.513852090342
173000	4923.483455818903
173100	4931.863089746796
173200	4940.556264535582
173300	4949.317885029595
173400	4958.06206290517
173500	4966.720282282971
173600	4975.6584294128115
173700	4984.93195655162
173800	4994.418426174845
173900	5003.87911990413
174000	5013.554090871243
174100	5023.516790080117
174200	5033.398127388849
174300	5043.515176774235
174400	5053.44634408399
174500	5063.209151954041
174600	5073.067184235959
174700	5083.086940776557
174800	5093.393683548726
174900	5103.844597290386
175000	5113.934159965953
175100	5124.643866619444
175200	5135.600604456733
175300	5146.384550011135
175400	5157.257123266871
175500	5167.9854035319295
175600	5179.002531375969
175700	5190.068336629483
175800	5201.214574231359
175900	5212.876442114997
176000	5224.164205720532
176100	5235.13239317917
176200	5245.950899631658
176300	5256.874015182431
176400	5267.67433964496
176500	5278.435698156012
176600	5289.263639464392
176700	5300.347774201888
176800	5311.389424940629
176900	5322.284791651124
177000	5333.042700344813
177100	5343.506631929544
177200	5353.37695927301
177300	5363.680662796658
177400	5373.918631788401
177500	5384.077907946892
177600	5394.562262700172
177700	5405.380096061912
177800	5416.067560668569
177900	5426.646459309617
178000	5436.937896179326
178100	5446.668201131106
178200	5456.3444021632895
178300	5465.847457001335
178400	5475.502022932633
178500	5485.553830986202
178600	5495.478562326403
178700	5505.099053948245
178800	5515.08483153925
178900	5524.9613658613525
179000	5534.913971953734
179100	5544.350420855684
179200	5553.609606749902
179300	5562.6733846741845
179400	5571.5332760486635
179500	5580.588169956289
179600	5589.795737197564
179700	5598.722207006125
179800	5607.563286384393
179900	5616.791015126568
180000	5626.2365755396895
180100	5635.405882550811
180200	5644.531233271991
180300	5654.1088670131285
180400	5663.250309979485
180500	5672.138808959164
180600	5681.092792710813
180700	5690.187010192138
180800	5699.57378142653
180900	5709.058802865271
181000	5718.546838470793
181100	5728.04417412373
181200	5737.6509378781775
181300	5746.899892546411
181400	5755.697823124006
181500	5765.130154103797
181600	5774.506370403455
181700	5783.626548053522
181800	5792.688376802893
181900	5801.4221337458
182000	5810.697301899607
182100	5819.716586738883
182200	5828.578294630337
182300	5837.391424845962
182400	5846.755568030232
182500	5856.0248902892345
182600	5865.410185489978
182700	5874.517045620771
182800	5883.633214238449
182900	5892.65774032817
183000	5901.206902534992
183100	5909.495234184724
183200	5917.942264185462
183300	5926.198923888034
183400	5934.28693775367
183500	5943.207325939438
183600	5952.83496695396
183700	5962.2606689630775
183800	5971.375753982051
183900	5980.519871387747
184000	5989.59508370707
184100	5998.678872223478
184200	6007.668690231629
184300	6016.998050217051
184400	6026.312464803865
184500	6035.807841320522
184600	6045.765461457777
184700	6055.924751035811
184800	6065.587645681226
184900	6075.5674857401755
185000	6085.773351718555
185100	6095.832752038608
185200	6105.560532176227
185300	6115.807917931117
185400	6126.149930908927
185500	6136.812654735346
185600	6147.640515994513
185700	6158.160394900187
185800	6169.393844310311
185900	6180.940278920869
186000	6192.714527034259
186100	6204.740613114322
186200	6216.5609343008255
186300	6228.427472468582
186400	6239.572084657091
186500	6249.976098483137
186600	6261.233145322185
186700	6272.533980658627
186800	6284.0060915222275
186900	6295.491559040616
187000	6307.002055352961
187100	6318.877904043824
187200	6330.754506816273
187300	6342.521262226219
187400	6354.25601122994
187500	6366.378367809171
187600	6377.915122247476
187700	6389.464123335085
187800	6400.612485077174
187900	6411.952535569493
188000	6423.855559243006
188100	6435.805307659437
188200	6447.466908282251
188300	6459.781850350497
188400	6472.417940703104
188500	6484.766788998677
188600	6497.085148620012
188700	6509.592340326868
188800	6521.914305222628
188900	6534.775754979986
189000	6547.561055704369
189100	6560.3695089012035
189200	6573.22271950898
189300	6586.16984457575
189400	6599.459654851875
189500	6613.194696280116
189600	6626.482929620135
189700	6640.414044300793
189800	6654.247172171192
189900	6668.235090423434
190000	6681.557094196789
190100	6695.190019645903
190200	6708.403431993502
190300	6721.49979940441
190400	6734.37301190896
190500	6747.480263599951
190600	6760.679082780145
190700	6773.819401119079
190800	6787.010979824525
190900	6800.310780698666
191000	6813.35937622725
191100	6825.870241103403
191200	6838.678417692194
191300	6851.772994722123
191400	6865.012955370941
191500	6878.042726985877
191600	6891.380946549354
191700	6904.642041239829
191800	6918.191592799325
191900	6931.659177248308
192000	6945.229705000063
192100	6958.893258678378
192200	6972.5048799106735
192300	6985.284881885513
192400	6997.661365471664
192500	7009.9253856348805
192600	7021.825422242458
192700	7033.577309652639
192800	7045.758734206378
192900	7058.2231622156105
193000	7070.554222581966
193100	7082.4648247269215
193200	7094.046878547408
193300	7105.606830791163
193400	7117.1150635667145
193500	7128.521431061265
193600	7139.552543660684
193700	7150.889889605984
193800	7162.690373495454
193900	7174.469912355475
194000	7186.527061173285
194100	7197.7166455252445
194200	7208.587851589138
194300	7218.933343876095
194400	7228.5725452250335
194500	7238.505692369479
194600	7248.428976539464
194700	7257.331003706262
194800	7266.539305058774
194900	7276.2268943695235
195000	7285.823844404193
195100	7295.560488242016
195200	7305.715198436985
195300	7316.405749332393
195400	7327.494401402888
195500	7339.081434844062
195600	7350.7418503745575
195700	7363.114440913778
195800	7375.5785686607705
195900	7388.564817623526
196000	7401.2859778942075
196100	7413.131489444349
196200	7424.219102858624
196300	7436.287364234449
196400	7449.033857787901
196500	7461.212148414692
196600	7473.777837325179
196700	7485.911100407888
196800	7497.939411110361
196900	7510.383293421939
197000	7522.422498715401
197100	7534.6965556629
197200	7546.143463902874
197300	7557.474208938598
197400	7570.265080207726
197500	7582.9798831375665
197600	7595.906616406341
197700	7608.713596263318
197800	7621.486644103425
197900	7634.568336029595
198000	7647.290965708846
198100	7660.14803807612
198200	7673.461271398817
198300	7686.712145535741
198400	7699.639669705706
198500	7711.889761994826
198600	7724.92149156559
198700	7738.348860981234
198800	7751.18512101355
198900	7764.60507663351
199000	7778.384300677804
199100	7791.359807692468
199200	7805.096666592988
199300	7818.608116457472
199400	7832.053537998465
199500	7845.695922184852
199600	7860.03917549632
199700	7873.636054862931
199800	7886.649024184328
199900	7899.745987182949
200000	7913.502024303947
200100	7928.139718520222
200200	7942.418208627787
200300	7956.436353138939
200400	7970.921786026389
200500	7985.734245251166
200600	8000.611245780601
200700	8014.877852627018
200800	8029.3969081119285
200900	8043.553666299966
201000	8057.748834207596
201100	8072.6161532925325
201200	8087.010628926102
201300	8102.234818974393
201400	8117.990076212387
201500	8133.586709167052
201600	8149.7258572916035
201700	8166.417408150912
201800	8183.245364480768
201900	8199.89606081444
202000	8216.266980333196
202100	8232.648148990818
202200	8248.92639643862
202300	8265.13123241684
202400	8280.672731889761
202500	8295.641962474154
202600	8310.504888371157
202700	8325.586280109186
202800	8340.069630353537
202900	8354.019023170404
203000	8366.949289213924
203100	8380.4095741231
203200	8394.053872672492
203300	8406.805199064373
203400	8418.74521218543
203500	8430.375516024127
203600	8442.621410280059
203700	8454.837794572697
203800	8466.582952273719
203900	8477.244840289699
204000	8487.860318010906
204100	8498.48574134882
204200	8509.748949013767
204300	8520.89098486508
204400	8532.536944073741
204500	8544.704656622605
204600	8556.382705119555
204700	8568.741153767274
204800	8581.267277624633
204900	8593.15985581564
205000	8604.811623027374
205100	8615.683836292534
205200	8627.04456687806
205300	8638.644831406302
205400	8650.204820916406
205500	8661.128452702833
205600	8671.676451872278
205700	8682.254099671787
205800	8692.975646569103
205900	8703.022733558086
206000	8713.53286768822
206100	8724.297342364269
206200	8735.317548424471
206300	8746.301431015192
206400	8757.718456864473
206500	8767.690111804171
206600	8777.968719237891
206700	8788.423322737159
206800	8800.016678868444
206900	8811.94553938962
207000	8823.770154742873
207100	8835.85204796202
207200	8847.592003624537
207300	8859.943705316808
207400	8872.661586052971
207500	8885.786686677777
207600	8898.737709850306
207700	8911.972832618456
207800	8925.58464652364
207900	8938.147987555014
208000	8950.940607702185
208100	8962.754027679155
208200	8975.13068411412
208300	8987.628949026752
208400	9001.38856446388
208500	9015.660559791198
208600	9030.212032366137
208700	9044.413304325717
208800	9057.574969499023
208900	9068.704202008492
209000	9080.34321143059
209100	9092.087564746907
209200	9103.9626239083
209300	9117.111283423903
209400	9129.505346146645
209500	9142.137877091416
209600	9153.527957780228
209700	9164.540257132496
209800	9175.54825974669
209900	9187.792171284324
210000	9199.535276630952
210100	9210.097998439684
210200	9220.735826518736
210300	9231.583137716167
210400	9243.10552660178
210500	9254.125609623094
210600	9265.474484874576
210700	9277.69133177714
210800	9291.557790553139
210900	9305.359874805727
211000	9319.874938110413
211100	9334.410889904539
211200	9349.752916680882
211300	9364.805921018298
211400	9379.288417921169
211500	9393.05387815449
211600	9407.073584342841
211700	9420.279843164724
211800	9433.18048036343
211900	9445.467485353758
212000	9457.616818683513
212100	9469.755418448942
212200	9482.544479813136
212300	9496.437935795635
212400	9509.71386135678
212500	9523.79857270798
212600	9538.556013904163
212700	9553.262113871344
212800	9567.879326420138
212900	9583.296809858875
213000	9599.544173965696
213100	9615.492478194123
213200	9631.582492752117
213300	9647.621281444852
213400	9664.064254746598
213500	9681.171412968659
213600	9697.117799791915
213700	9712.972322090878
213800	9728.338739911502
213900	9742.889868562634
214000	9756.971366994316
214100	9770.157455150678
214200	9783.95797651523
214300	9796.950870084635
214400	9810.600316024036
214500	9824.523509413411
214600	9839.979087891465
214700	9855.45879110921
214800	9871.460443926451
214900	9887.920977950736
215000	9903.660967333475
215100	9920.068534845079
215200	9936.76308170607
215300	9952.877844611881
215400	9968.99956886901
215500	9984.358755499241
215600	9999.7182080223
215700	10014.546876550245
215800	10030.417603943322
215900	10045.839243281283
216000	10060.40115573752
216100	10074.94343495986
216200	10088.966546855925
216300	10103.363053503504
216400	10118.223714012187
216500	10132.305919965438
216600	10146.613302985672
216700	10160.609773282195
216800	10175.015831892902
216900	10189.765596020618
217000	10204.768895128684
217100	10219.613267999608
217200	10235.619929188979
217300	10251.964666532527
217400	10268.661676893884
217500	10286.355982102163
217600	10304.945994086447
217700	10323.518325297337
217800	10342.224941377644
217900	10360.7181047122
218000	10378.600261044048
218100	10396.025017426757
218200	10413.190740497725
218300	10429.856855269463
218400	10446.628195799713
218500	10460.498036988021
218600	10474.565077223757
218700	10489.75962903665
218800	10505.273147287022
218900	10520.597136471304
219000	10535.909383905237
219100	10550.808072881598
219200	10565.780072789872
219300	10581.049623370636
219400	10594.282483774237
219500	10607.851897041604
219600	10621.343992056616
219700	10635.389157011756
219800	10649.682304802816
219900	10663.74548215163
220000	10676.86002173199
220100	10691.109157842526
220200	10705.70020248607
220300	10720.142205494922
220400	10734.219508598442
220500	10747.317102997098
220600	10758.785363118397
220700	10769.322087971726
220800	10777.951281011337
220900	10785.39012458577
221000	10793.24994118174
221100	10801.519813703722
221200	10810.049290204828
221300	10817.409844546346
221400	10824.212271688448
221500	10830.225652278285
221600	10837.632181647175
221700	10845.432449461834
221800	10853.422932618414
221900	10862.35548332025
222000	10869.507074737165
222100	10875.86828528851
222200	10882.331473789469
222300	10887.68705023703
222400	10891.982596028247
222500	10893.757973210304
222600	10896.534809068835
222700	10899.041125633463
222800	10900.696473529038
222900	10902.259758130647
223000	10904.363524926011
223100	10906.738864305255
223200	10908.571780741273
223300	10909.386924776947
223400	10909.259815667
223500	10908.941749223392
223600	10906.451829175057
223700	10904.232546148298
223800	10903.157261816785
223900	10902.804286097467
224000	10904.75984168076
224100	10904.969189024705
224200	10904.992236512015
224300	10907.447165724589
224400	10911.12202289264
224500	10914.686888177122
224600	10918.88375982613
224700	10921.174279233383
224800	10922.904470814974
224900	10925.20451817225
225000	10928.173691900389
225100	10930.284470455546
225200	10932.726236158982
225300	10933.622195392149
225400	10934.05006718234
225500	10932.347897425818
225600	10929.796282928204
225700	10929.450886836683
225800	10928.313674093864
225900	10927.620354587561
226000	10927.036223335308
226100	10926.420431694249
226200	10925.056772863318
226300	10926.368611842045
226400	10929.543567530229
226500	10932.731953243725
226600	10936.48045033554
226700	10939.103029905003
226800	10941.675411306729
226900	10945.206934857997
227000	10950.826999021461
227100	10957.097835058463
227200	10963.715710878489
227300	10969.663988849148
227400	10976.975690438936
227500	10986.752587767842
227600	10993.969500638836
227700	11002.147367761645
227800	11010.777372077107
227900	11017.601168585184
228000	11022.961229035864
228100	11028.752709098393
228200	11033.365201815206
228300	11038.32189352141
228400	11040.968506524048
228500	11045.309051543474
228600	11047.509496758401
228700	11051.369428257807
228800	11053.111146661977
228900	11053.55454495817
229000	11054.609106864023
229100	11054.700801744068
229200	11055.826336645521
229300	11058.002662733197
229400	11057.99988267984
229500	11057.917771857232
229600	11056.981642396771
229700	11056.67059734097
229800	11057.491866044758
229900	11060.183418044238
230000	11060.100866765715
230100	11058.41334096645
230200	11055.84907917882
230300	11049.121131464897
230400	11042.086391591816
230500	11035.760548782011
230600	11031.740299581958
230700	11029.677290419873
230800	11026.584801357822
230900	11020.643973009952
231000	11011.803728475294
231100	11001.580663679866
231200	10989.02943974064
231300	10977.4286338503
231400	10968.523323894478
231500	10959.748090054432
231600	10949.426872678043
231700	10936.956796823302
231800	10925.260855730681
231900	10915.895974831772
232000	10904.171168749453
232100	10890.838132256235
232200	10872.824693566537
232300	10856.221356975904
232400	10841.33508825727
232500	10826.720448877022
232600	10808.891595433466
232700	10790.355929040932
232800	10770.238144323579
232900	10750.355876069574
233000	10729.040886113653
233100	10707.795431875042
233200	10688.29019288579
233300	10669.659130251384
233400	10650.001428937947
233500	10628.432154178969
233600	10605.600276330777
233700	10581.457186696236
233800	10557.608504045813
233900	10534.644329216739
234000	10511.426937424578
234100	10487.141069911944
234200	10459.02552852541
234300	10430.870976657956
234400	10400.352710401465
234500	10374.591167296516
234600	10350.878279015305
234700	10329.892110624642
234800	10307.561734530318
234900	10284.188826563011
235000	10259.067455811426
235100	10234.687022307888
235200	10209.153907136817
235300	10180.583531450015
235400	10152.534127104387
235500	10123.10769249167
235600	10091.640312988078
235700	10059.459945495531
235800	10027.94825893559
235900	9996.240462423011
236000	9967.340149149124
236100	9937.699552937062
236200	9908.334432772652
236300	9880.216989421926
236400	9851.072954345495
236500	9820.803126805054
236600	9791.710878827842
236700	9759.754026067094
236800	9726.879417808668
236900	9694.540029425872
237000	9662.238296827767
237100	9629.178017416503
237200	9595.405960230913
237300	9564.149581594684
237400	9534.87384680711
237500	9508.512579482165
237600	9483.1414773477
237700	9458.037357537658
237800	9432.55778715713
237900	9407.282809239405
238000	9379.221587606298
238100	9353.815268269915
238200	9328.115486058465
238300	9301.028953467088
238400	9274.055995360774
238500	9246.811569883896
238600	9221.522180434258
238700	9200.566102740122
238800	9175.115528570022
238900	9149.383439196099
239000	9124.80579568335
239100	9098.147675773012
239200	9067.34656833508
239300	9033.710131068365
239400	9001.451781539363
239500	8969.848315624695
239600	8932.737815950764
239700	8895.81068150897
239800	8864.650618118118
239900	8835.566814919177
240000	8804.82259595755
240100	8771.577328375657
240200	8737.472810196865
240300	8702.739088077971
240400	8673.108942565916
240500	8640.083755974076
240600	8601.960267126851
240700	8562.375372805516
240800	8527.178660775651
240900	8493.841490982391
241000	8462.318493200932
241100	8428.388231583114
241200	8395.849157042801
241300	8363.688616262109
241400	8334.481242564507
241500	8301.61963044689
241600	8270.717632842367
241700	8242.644806716475
241800	8218.116683745116
241900	8193.610190079315
242000	8170.273950662464
242100	8145.748132461449
242200	8125.410702745314
242300	8113.163446414284
242400	8098.291631283937
242500	8087.593616119004
242600	8076.676687077503
242700	8061.308041765587
242800	8049.884088795632
242900	8035.261315750075
243000	8020.457266947604
243100	8006.232303944067
243200	7989.568032734969
243300	7966.694274689769
243400	7951.122350287973
243500	7937.297061473946
243600	7921.5260520172305
243700	7893.954967559257
243800	7860.8881236982415
243900	7828.587443198892
244000	7790.712677183677
244100	7744.252930860734
244200	7707.824091516144
244300	7673.275314753642
244400	7648.750473802385
244500	7618.40795149398
244600	7584.177477827237
244700	7546.484532149334
244800	7510.8628195187775
244900	7473.338938982342
245000	7423.340377609828
245100	7376.9086392333265
245200	7339.580639954773
245300	7296.08844675991
245400	7258.721418217232
245500	7224.047201753478
245600	7185.228564002435
245700	7145.216905314883
245800	7110.718271652702
245900	7079.09422100737
246000	7050.352704107354
246100	7014.783083020011
246200	6987.881443301158
246300	6953.291532030038
246400	6928.795275807963
246500	6905.0013129134895
246600	6889.47069417272
246700	6871.290393050353
246800	6839.550094134
246900	6788.773142693099
247000	6735.983829455392
247100	6698.420647810679
247200	6656.896459850948
247300	6600.433704453462
247400	6552.5395540446625
247500	6498.325057776761
247600	6454.658694648766
247700	6414.680939677288
247800	6386.983479428862
247900	6368.859253561415
248000	6380.713500764279
248100	6378.62286732666
248200	6387.107628699974
248300	6392.300078768749
248400	6391.47191046353
248500	6391.804807600798
248600	6384.160550181055
248700	6382.85523464228
248800	6391.9159870526055
248900	6405.526237909449
249000	6374.537216267199
249100	6362.8586446698755
249200	6354.586180116283
249300	6392.432678982499
249400	6490.75440624461
249500	6580.675432262826
249600	6657.66703595873
249700	6734.660240685334
249800	6823.234021323384
249900	6724.617710618768
250000	6781.060940787196
