# MSD of Single Random Dynabead (H) (Single Random Atom)
LagTime(MCS)	MSD
0	0.0
100	2.632240750011988
200	5.324069082678761
300	7.933419612119906
400	10.596370850340463
500	13.295314770482946
600	15.91088902921183
700	18.52995088067837
800	21.263882289640605
900	24.037168293376453
1000	26.70693784672767
1100	29.346828498586547
1200	31.87675714492798
1300	34.53309938288294
1400	37.15937232715078
1500	39.89899628289277
1600	42.70510132383788
1700	45.401718218578026
1800	48.09638156980509
1900	50.82556862937054
2000	53.556133456819225
2100	56.33963366650278
2200	59.15921000088565
2300	61.848321145866066
2400	64.41246021253755
2500	67.01373824320035
2600	69.6083173219231
2700	72.1511558679631
2800	74.71878344670404
2900	77.27007469930686
3000	79.90422915137606
3100	82.62443126231665
3200	85.39420346653787
3300	88.32576816016808
3400	91.16029727447312
3500	93.96107161208056
3600	96.85085943888407
3700	99.66694892302621
3800	102.44350413494976
3900	105.2796335965977
4000	108.03843626659364
4100	110.77563840086805
4200	113.4779310123995
4300	116.15098582586506
4400	118.79176623909734
4500	121.39084889163496
4600	123.98089892882854
4700	126.51721556240227
4800	129.0832528034225
4900	131.6467205688823
5000	134.2540768935578
5100	136.84617814875674
5200	139.40172906249063
5300	142.01368250424275
5400	144.63655476481654
5500	147.105303143966
5600	149.69293910788838
5700	152.25348817673512
5800	154.92374738951912
5900	157.7033534347429
6000	160.56062864232808
6100	163.30131258588517
6200	165.9191339732497
6300	168.46044300706126
6400	171.09908576472662
6500	173.8041882236721
6600	176.64752005058108
6700	179.47951239778195
6800	182.5405415291898
6900	185.530667070474
7000	188.56429102137918
7100	191.62628742394736
7200	194.737191778142
7300	197.99195558956126
7400	201.38340975780739
7500	204.6467510384391
7600	207.84818821185036
7700	211.19315410556737
7800	214.71284927945817
7900	218.1640639543184
8000	221.50667440431425
8100	224.74530400440563
8200	227.9821205798653
8300	231.22998260712484
8400	234.61634944932302
8500	238.05784743611002
8600	241.52255437895656
8700	244.87523169786436
8800	248.36378894525114
8900	251.84336292376975
9000	255.3096315675648
9100	258.83414257253753
9200	262.34003740083426
9300	265.93347780924523
9400	269.363935225294
9500	272.7965928808553
9600	276.15016018156894
9700	279.40368732705247
9800	282.74416339211166
9900	286.1464404683793
10000	289.50339991779765
10100	292.9424889080692
10200	296.41406897839624
10300	299.83119153865846
10400	303.216882048815
10500	306.5912158925785
10600	310.10317976027727
10700	313.65769591141725
10800	317.27702416828834
10900	320.8451344810892
11000	324.5332909110002
11100	328.2739907360519
11200	332.13154877536
11300	335.9349851476145
11400	339.8373361817212
11500	343.92070341011276
11600	347.9103424937348
11700	351.97836868913146
11800	356.0051847685827
11900	359.89298713515745
12000	363.7866500208038
12100	367.6211925689131
12200	371.5062829917297
12300	375.39927701395936
12400	379.3688726047985
12500	383.4238770749653
12600	387.3481443988858
12700	391.29807981679915
12800	395.16877278877655
12900	399.031718188955
13000	402.9597861528164
13100	406.8373630529386
13200	410.75540866144
13300	414.740577099612
13400	418.627044636989
13500	422.500593141478
13600	426.35962863714667
13700	430.44023310247576
13800	434.4977319460013
13900	438.4889198486344
14000	442.53328012808925
14100	446.5291772435303
14200	450.6553458055714
14300	454.77340890152846
14400	458.957985825371
14500	463.0844726933283
14600	467.20368200558005
14700	471.3157013496384
14800	475.47232168825576
14900	479.49529351165984
15000	483.45576850813814
15100	487.3966746389051
15200	491.34661146928556
15300	495.2937368261628
15400	499.2476595500484
15500	503.1628662253497
15600	507.0463392882375
15700	510.99728684755974
15800	515.0643669524579
15900	519.1252290156553
16000	523.1434623145033
16100	526.9997072710539
16200	530.8222425972926
16300	534.5613514670986
16400	538.2602583822445
16500	542.0240013741422
16600	545.7603659664746
16700	549.7233734054025
16800	553.7046191463596
16900	557.6571547515341
17000	561.6447006436065
17100	565.7936335905688
17200	569.9518421895336
17300	574.1035694479942
17400	578.3555421047495
17500	582.6867334593553
17600	587.0236553957802
17700	591.3056803686195
17800	595.5331264304696
17900	599.719003753562
18000	603.9885307218065
18100	608.2869986731675
18200	612.5995081200381
18300	617.0287295994931
18400	621.5654118402163
18500	626.0882861401187
18600	630.6671224214952
18700	635.3186790251639
18800	639.9755188598647
18900	644.6050928762998
19000	649.2773462587502
19100	653.9716213371721
19200	658.7379505994613
19300	663.5488758640131
19400	668.2880479605519
19500	673.0767290348304
19600	677.8176840610686
19700	682.6460942256381
19800	687.3150215381756
19900	691.9972596812877
20000	696.6997355540516
20100	701.3981524285045
20200	706.117002325831
20300	710.8380249483162
20400	715.5577081182273
20500	720.2096375112305
20600	724.7942997572245
20700	729.3855817512376
20800	733.8529559681192
20900	738.4350979098235
21000	743.107051213563
21100	747.8071751611424
21200	752.5705997545156
21300	757.3558496753103
21400	762.245305011922
21500	767.2078193565249
21600	772.2543021473102
21700	777.2970472373418
21800	782.2220739592449
21900	787.2520433782483
22000	792.2413779934868
22100	797.1056243440835
22200	801.9888131124899
22300	806.9389785710955
22400	811.9508353529964
22500	816.9865912888199
22600	821.8965710705379
22700	826.7915401801583
22800	831.5215413533151
22900	836.1881280376692
23000	840.9598238395993
23100	845.7987936225254
23200	850.6402225022903
23300	855.4490178384003
23400	860.3163571298355
23500	865.2216533406754
23600	870.1453430814436
23700	875.0366694277618
23800	880.031429592229
23900	885.1533304470358
24000	890.2106832967838
24100	895.3918583802879
24200	900.5537004260113
24300	905.7919959933497
24400	911.1010697567835
24500	916.488962827716
24600	921.783930572099
24700	927.0699526239187
24800	932.3962243429269
24900	937.7481256294996
25000	943.1012583391275
25100	948.5305047960137
25200	953.8443325781845
25300	959.2436776479008
25400	964.6471042324556
25500	970.052265881619
25600	975.580668976123
25700	981.1689723519376
25800	986.8100129885133
25900	992.552185849403
26000	998.3494339177269
26100	1004.1042111117276
26200	1009.8363500939449
26300	1015.4767221608781
26400	1021.0295647502062
26500	1026.5710990151274
26600	1032.055931655108
26700	1037.4599812767701
26800	1043.0106015428319
26900	1048.642605299654
27000	1054.2299578370876
27100	1059.9110883567482
27200	1065.6498596393503
27300	1071.4090769339819
27400	1077.081700542476
27500	1082.6024763669702
27600	1088.112204251287
27700	1093.6777622842928
27800	1099.212307060603
27900	1104.6839090428548
28000	1110.2254743204103
28100	1115.8532872470678
28200	1121.350015355798
28300	1126.7664713636623
28400	1132.1825192929246
28500	1137.5323382202769
28600	1142.9268992046127
28700	1148.323746663984
28800	1153.8197286227369
28900	1159.3652602004004
29000	1164.8409136894625
29100	1170.2861614375142
29200	1175.7007679892122
29300	1181.0622699960368
29400	1186.4077546744375
29500	1191.805592694087
29600	1197.1294742327882
29700	1202.2880341402488
29800	1207.5646992012626
29900	1212.7250172090135
30000	1217.8771073386306
30100	1223.0899980566464
30200	1228.2612871077145
30300	1233.5057729588007
30400	1238.7254748885753
30500	1243.991969628376
30600	1249.4387885275646
30700	1254.9171977830702
30800	1260.6189853425603
30900	1266.3187714981614
31000	1272.083957009425
31100	1277.9247911771527
31200	1283.7411623540102
31300	1289.5444276647759
31400	1295.28532195749
31500	1301.0131864876603
31600	1306.7063664311427
31700	1312.3877233873936
31800	1318.0855551901623
31900	1323.693035256234
32000	1329.4197394908988
32100	1335.1393871562905
32200	1340.8449851932237
32300	1346.6335977150593
32400	1352.4670058600022
32500	1358.2692619840964
32600	1364.1204185571987
32700	1370.0177351066377
32800	1375.9342967142002
32900	1381.8664011790534
33000	1387.7271045812522
33100	1393.4982678249944
33200	1399.234645602235
33300	1404.9555201875628
33400	1410.6247701609973
33500	1416.166218303726
33600	1421.8075666316436
33700	1427.3813153982628
33800	1433.0025986082037
33900	1438.6954365301644
34000	1444.4063043018105
34100	1450.1353239477612
34200	1455.8687958430964
34300	1461.6036880607717
34400	1467.3383346260525
34500	1473.1207014805987
34600	1478.941338151344
34700	1484.7102933193673
34800	1490.3720681161503
34900	1495.9513610242866
35000	1501.5749087803415
35100	1507.265292910568
35200	1512.8436371451826
35300	1518.5487413146766
35400	1524.1518416329054
35500	1529.7034748451551
35600	1535.386719306116
35700	1541.129087730602
35800	1546.8999097741325
35900	1552.7299544883426
36000	1558.534542747133
36100	1564.34424842702
36200	1570.071966040472
36300	1575.7722831073334
36400	1581.3731830640463
36500	1587.002458034316
36600	1592.6861340865726
36700	1598.492065032362
36800	1604.4728494768497
36900	1610.5602719119634
37000	1616.4669890298974
37100	1622.2680536675034
37200	1627.994945543236
37300	1633.8159948488465
37400	1639.5701031496283
37500	1645.228812036512
37600	1650.9357470113318
37700	1656.6583724407246
37800	1662.443638045399
37900	1668.3067505859653
38000	1674.26749836636
38100	1680.088019323477
38200	1685.9559057152364
38300	1691.6324291944038
38400	1697.1132343460922
38500	1702.5712466522236
38600	1708.1236897021881
38700	1713.6847332399338
38800	1719.1596384393051
38900	1724.7088257153518
39000	1730.2905445378274
39100	1735.903411649575
39200	1741.525207163475
39300	1747.2958119394607
39400	1753.0907452890533
39500	1758.7664245219203
39600	1764.4276349266875
39700	1770.1496898183832
39800	1775.8523971607792
39900	1781.5629324960173
40000	1787.2628626949154
40100	1792.9927963977098
40200	1798.8196260773693
40300	1804.573853247217
40400	1810.127320901258
40500	1815.8456220535445
40600	1821.5562431446742
40700	1827.2154464446357
40800	1832.9138745740638
40900	1838.7029987294227
41000	1844.423298405367
41100	1850.0932258844841
41200	1855.852432008367
41300	1861.657087868778
41400	1867.5256878192886
41500	1873.481589805975
41600	1879.4079993146588
41700	1885.431723324873
41800	1891.3458001873223
41900	1897.3753769336035
42000	1903.2383368401788
42100	1909.0505217674654
42200	1914.936825408251
42300	1920.8321584394434
42400	1926.7694732546806
42500	1932.749248868844
42600	1938.7420362193952
42700	1944.7904382023262
42800	1950.8535353597254
42900	1956.9299097778276
43000	1962.9754574057297
43100	1969.0453926252085
43200	1975.2169717908837
43300	1981.270039701485
43400	1987.3489065725007
43500	1993.2491781506687
43600	1999.1074937453377
43700	2005.084371791745
43800	2011.0348352895235
43900	2016.9729383516242
44000	2022.7931914986111
44100	2028.6203030415345
44200	2034.5450783405686
44300	2040.5822053333395
44400	2046.8723821031163
44500	2053.148583117407
44600	2059.2905806760537
44700	2065.4153288226807
44800	2071.5178419875447
44900	2077.587580694875
45000	2083.7245755328913
45100	2089.835880828905
45200	2095.819722782995
45300	2101.7208993883687
45400	2107.610524874006
45500	2113.529491352616
45600	2119.4391147135175
45700	2125.3888565094094
45800	2131.405339902325
45900	2137.285702891473
46000	2143.102181003662
46100	2148.6946349189966
46200	2154.32202262606
46300	2159.9479172069114
46400	2165.4168553145137
46500	2170.82204954396
46600	2176.265022276726
46700	2181.6076344336034
46800	2186.959249132895
46900	2192.3752558253473
47000	2197.7259098394425
47100	2202.7172214878374
47200	2207.5542078998988
47300	2212.497654860432
47400	2217.799429874576
47500	2223.208747495548
47600	2228.599190298817
47700	2234.1076888956013
47800	2239.7868409747025
47900	2245.41113563627
48000	2250.9690808380255
48100	2256.5532144567696
48200	2262.3876807349734
48300	2268.1705951576005
48400	2273.964814019273
48500	2279.798302190553
48600	2285.6649806621135
48700	2291.5201809231658
48800	2297.332486650266
48900	2303.184480031021
49000	2309.0961161244195
49100	2314.8017466499587
49200	2320.594958570611
49300	2326.4014108465053
49400	2332.1187329501263
49500	2337.781702565204
49600	2343.463707618299
49700	2349.2212414020323
49800	2354.661814409774
49900	2360.1097571006976
50000	2365.653478639957
50100	2371.0485705874744
50200	2376.4425249641645
50300	2381.9611108685494
50400	2387.4419856552267
50500	2392.826190440508
50600	2398.305099835794
50700	2403.6944210309885
50800	2409.1435593580827
50900	2414.6272175394115
51000	2420.1176730503794
51100	2425.4904330586432
51200	2430.8531559877447
51300	2436.297092882218
51400	2441.6701748575433
51500	2447.113859350269
51600	2452.5152640899178
51700	2457.789964579162
51800	2463.0221808069036
51900	2468.166921362281
52000	2473.2824380287784
52100	2478.338034713175
52200	2483.2773488810053
52300	2488.132222215587
52400	2493.112828424026
52500	2497.979828592448
52600	2502.8160910123843
52700	2507.714153357083
52800	2512.6431470650714
52900	2517.537176248734
53000	2522.3875577995786
53100	2527.256447564112
53200	2532.1777021744056
53300	2537.2608698947006
53400	2542.1176580683677
53500	2547.0808672304847
53600	2552.0009722529794
53700	2556.8748255722458
53800	2561.6541308105225
53900	2566.41586882557
54000	2571.16815688886
54100	2576.0422992687672
54200	2580.8464731688728
54300	2585.6161931346287
54400	2590.2818240107736
54500	2595.135814934969
54600	2600.0254635997117
54700	2604.8848017338314
54800	2609.789368675847
54900	2614.6342992763384
55000	2619.314124728029
55100	2624.111638423463
55200	2628.848728072364
55300	2633.613529534603
55400	2638.3575040465803
55500	2643.179546159983
55600	2647.9521960406564
55700	2652.6271929549403
55800	2657.397825804306
55900	2662.19718342158
56000	2666.951123688952
56100	2671.5493886823533
56200	2676.0229810445453
56300	2680.453936817532
56400	2684.7295872197137
56500	2689.1507858922123
56600	2693.470908522082
56700	2697.818677469855
56800	2702.1460643391474
56900	2706.4257640971337
57000	2710.505620302516
57100	2714.4835447427467
57200	2718.4286489814986
57300	2722.5595227855956
57400	2726.5171623223578
57500	2730.584205174702
57600	2734.664581048186
57700	2738.555431831104
57800	2742.237321504974
57900	2745.9800417383667
58000	2749.781471428694
58100	2753.7636214464437
58200	2757.831030414789
58300	2761.9949548358563
58400	2766.0465125220944
58500	2770.081427532248
58600	2774.02644418861
58700	2778.0913701411337
58800	2782.0376351563027
58900	2785.9848403824726
59000	2789.8942465193686
59100	2793.8268737783073
59200	2797.6020333511988
59300	2801.357428294781
59400	2805.0304399756133
59500	2808.614319728862
59600	2812.2380758771324
59700	2816.1921401760774
59800	2820.260207831976
59900	2824.383846532379
60000	2828.6366465338506
60100	2832.7953810571926
60200	2836.746391506167
60300	2840.599020953581
60400	2844.542352006014
60500	2848.4281181916595
60600	2852.1288628025213
60700	2855.8259645047365
60800	2859.550924636598
60900	2863.0484693504986
61000	2866.672145278775
61100	2870.380221006635
61200	2874.0651281211176
61300	2877.7485022708424
61400	2881.455641573004
61500	2885.206758064276
61600	2889.003400487243
61700	2892.896040025342
61800	2896.7980036975932
61900	2900.7152181633865
62000	2904.4150750478148
62100	2907.991854748747
62200	2911.5049569731927
62300	2914.9669834359083
62400	2918.6126027778373
62500	2922.39637637313
62600	2926.142856079503
62700	2929.9967732337536
62800	2933.884968490631
62900	2937.6236723269685
63000	2941.3095890973927
63100	2945.052503903222
63200	2948.9433324849815
63300	2952.739980766608
63400	2956.5176931764
63500	2960.1211150530726
63600	2964.0810894917813
63700	2968.1483255336643
63800	2972.314149938873
63900	2976.586161441286
64000	2981.082340513938
64100	2985.423824016296
64200	2989.5930362379295
64300	2993.747722952743
64400	2997.718466870545
64500	3001.748221265676
64600	3005.997129073832
64700	3010.220278833993
64800	3014.4482545031933
64900	3018.8884755205945
65000	3023.2833182382165
65100	3027.581622156198
65200	3031.9621076167095
65300	3036.259170855279
65400	3040.5217692555743
65500	3044.877985470812
65600	3049.454911194567
65700	3053.851450235292
65800	3058.313744989515
65900	3062.7764351156657
66000	3067.2342774966964
66100	3071.5515628393623
66200	3075.788830311096
66300	3079.9318802231573
66400	3084.104507001757
66500	3088.424083163147
66600	3092.757501095999
66700	3097.178938351397
66800	3101.8857971152174
66900	3106.6889786288957
67000	3111.4625808331766
67100	3116.0022673472995
67200	3120.6675319258356
67300	3125.164928855025
67400	3129.802371763275
67500	3134.347120155464
67600	3139.081687419326
67700	3143.861413031991
67800	3148.4634077275987
67900	3153.0440368735
68000	3157.6285848110565
68100	3162.250949749665
68200	3166.882778754516
68300	3171.3631106598186
68400	3175.999550638953
68500	3180.381229235849
68600	3184.6810605597566
68700	3188.8481245430885
68800	3193.0709884983953
68900	3197.2967475753976
69000	3201.4666149927652
69100	3205.670886520995
69200	3209.7344918564777
69300	3213.4584558861097
69400	3217.141807037464
69500	3220.7949930921895
69600	3224.5394108613255
69700	3228.4372910620878
69800	3232.2718762216973
69900	3236.0903786577983
70000	3239.9077687812387
70100	3243.5927278861636
70200	3247.184556000342
70300	3250.833473640203
70400	3254.6488386783167
70500	3258.2402961706975
70600	3261.4695259252912
70700	3264.5510258201393
70800	3267.7742034432595
70900	3270.949216584675
71000	3273.903338485805
71100	3277.2745674208854
71200	3280.711616232991
71300	3284.1818259055144
71400	3287.780577246449
71500	3291.5933949175524
71600	3295.5195430222666
71700	3299.4471078148345
71800	3303.519395629992
71900	3307.4611910033855
72000	3311.3524243329884
72100	3315.2345349827083
72200	3319.140231260797
72300	3323.0044209839543
72400	3326.9342350880615
72500	3330.889726819878
72600	3334.6905371305184
72700	3338.160468980728
72800	3341.70485294424
72900	3345.1409190599225
73000	3348.535263127007
73100	3352.1593694624025
73200	3356.036203867756
73300	3359.867046578205
73400	3363.777299374342
73500	3367.751630520448
73600	3371.7194418756408
73700	3375.6016885702848
73800	3379.5004233904765
73900	3383.38484857633
74000	3387.1694392843056
74100	3391.1519005999435
74200	3394.9142562863417
74300	3398.819039394264
74400	3402.4440767024644
74500	3406.193610720453
74600	3410.1918150487472
74700	3414.1642010256182
74800	3417.939290283248
74900	3421.907770497317
75000	3425.848981984076
75100	3429.7594655960565
75200	3433.535440571315
75300	3437.4338283271063
75400	3441.327089150669
75500	3445.1083693369874
75600	3448.9473884877516
75700	3452.9542538610986
75800	3456.915224733646
75900	3460.8737674508593
76000	3464.762379226275
76100	3468.738740747387
76200	3472.7361710313126
76300	3476.5779484480736
76400	3480.254954693606
76500	3483.9503007309395
76600	3487.752179030562
76700	3491.943830435397
76800	3496.108848546748
76900	3500.135344140057
77000	3503.9096382174175
77100	3507.7264940841706
77200	3511.459006082441
77300	3515.0561155501055
77400	3518.684582229238
77500	3522.2653885274194
77600	3525.5164821693907
77700	3528.7005321927136
77800	3531.9280959511525
77900	3535.0689858307596
78000	3538.4853452845127
78100	3542.03528111364
78200	3545.66824953194
78300	3549.3224793784902
78400	3552.868972501252
78500	3556.3376706475974
78600	3559.848820267769
78700	3563.366275462671
78800	3566.717254260264
78900	3570.0339924860164
79000	3573.201210027444
79100	3576.2446181733394
79200	3578.880193219753
79300	3581.3556770465802
79400	3583.9426044783904
79500	3586.6289710219717
79600	3589.48297242017
79700	3592.5492264873465
79800	3595.7129220441566
79900	3598.6404254014487
80000	3601.5432708711596
80100	3604.4320537283784
80200	3607.2851665641647
80300	3610.184265348711
80400	3612.9622435839847
80500	3615.621309227892
80600	3618.2977578825084
80700	3621.0520942697185
80800	3623.6514956299798
80900	3626.4142906304915
81000	3629.2504872081336
81100	3631.973000921018
81200	3634.5722555796383
81300	3637.201917230501
81400	3639.7119051941554
81500	3642.3780303511303
81600	3644.8574838775676
81700	3647.340591942251
81800	3650.0361462407163
81900	3652.884015342628
82000	3655.529711816809
82100	3658.14437717048
82200	3660.9548596217064
82300	3663.8207317283377
82400	3666.675880513387
82500	3669.721620163764
82600	3672.552200070175
82700	3675.1742549785413
82800	3677.6649896200397
82900	3680.261233097757
83000	3682.9283621212817
83100	3685.507535231416
83200	3688.1389562856057
83300	3690.9076466195984
83400	3693.5803184583783
83500	3696.0139829181717
83600	3698.2704334735754
83700	3700.768083339033
83800	3703.3497772222618
83900	3705.9896315254737
84000	3708.687378937262
84100	3711.531552405737
84200	3714.3463981001405
84300	3717.0807173274807
84400	3719.6882854713476
84500	3722.2999030056526
84600	3724.9938968458446
84700	3727.716140009812
84800	3730.7398724894156
84900	3733.6846557469107
85000	3736.834836221882
85100	3740.1502142067184
85200	3743.539793077798
85300	3747.212991723616
85400	3750.852480964095
85500	3754.735696244228
85600	3758.303133115114
85700	3761.753506517678
85800	3765.2379339770414
85900	3768.470299050852
86000	3771.3250760149676
86100	3773.9293268808397
86200	3776.814718281501
86300	3779.466486614954
86400	3782.2313741858816
86500	3784.9962381101795
86600	3787.8983604907407
86700	3791.0724230230553
86800	3794.39150226122
86900	3797.8579634190537
87000	3801.5078322149348
87100	3804.9521662936895
87200	3808.654635346378
87300	3812.343451715831
87400	3816.0932317425613
87500	3819.444205364445
87600	3822.601312625571
87700	3825.575884442369
87800	3828.4966264838004
87900	3831.232650951948
88000	3834.0277384714573
88100	3836.766878311988
88200	3839.5647597934585
88300	3842.783320713381
88400	3846.0875632151146
88500	3849.182608357223
88600	3852.374173707678
88700	3855.2070602083113
88800	3857.813058528758
88900	3860.2056405122858
89000	3862.8806369671947
89100	3865.571841182187
89200	3868.396340958483
89300	3871.12030055403
89400	3873.7985346989008
89500	3876.393071802333
89600	3878.8958503284957
89700	3881.433696043503
89800	3884.0776287198532
89900	3886.5707412243937
90000	3888.952111650491
90100	3891.44711961993
90200	3893.6475329682
90300	3895.997170257964
90400	3898.542890033277
90500	3901.0126123343944
90600	3903.2784863378038
90700	3905.2721071011038
90800	3907.085417477414
90900	3908.598787807219
91000	3910.2100464600953
91100	3911.630299366603
91200	3913.14280182356
91300	3914.938184514176
91400	3917.017364056781
91500	3918.8873932816205
91600	3920.955219430907
91700	3923.263266420865
91800	3925.4310438784887
91900	3927.7155916148913
92000	3929.9736875381204
92100	3932.2028646419058
92200	3934.7291561776074
92300	3937.1937490956625
92400	3939.8135141272796
92500	3942.6705661544693
92600	3945.396741334349
92700	3948.096783568326
92800	3951.106539833825
92900	3954.0867732492043
93000	3957.3706791058066
93100	3960.95759937237
93200	3964.670253551507
93300	3968.368225958431
93400	3971.7308899125783
93500	3974.7480611593346
93600	3977.554779106227
93700	3980.4624777184217
93800	3983.516553138965
93900	3986.4394995250623
94000	3989.211861536023
94100	3991.828785548394
94200	3994.2667220261646
94300	3996.3819199896534
94400	3998.179001539538
94500	4000.087869891955
94600	4002.1800494436757
94700	4004.4799481596565
94800	4006.4755725145806
94900	4008.695309902425
95000	4010.6397380242124
95100	4012.74498806271
95200	4014.8442065804265
95300	4016.8418047221494
95400	4018.8017268939875
95500	4020.664676747634
95600	4022.7952524091233
95700	4024.9793229068746
95800	4027.1937566147535
95900	4029.7269776949543
96000	4032.308813671232
96100	4034.6720672398806
96200	4036.8531692061806
96300	4038.747219844605
96400	4040.783352738421
96500	4042.788468182145
96600	4044.8866775730858
96700	4046.6799476518645
96800	4048.274490103824
96900	4049.7181883110898
97000	4051.2097898441134
97100	4052.6110923960805
97200	4053.9325152215315
97300	4055.2944317439687
97400	4056.6707728045876
97500	4058.0723195167375
97600	4059.494607260567
97700	4060.7372394200647
97800	4061.9694007379585
97900	4063.2684338241816
98000	4064.687880367157
98100	4066.3297683305573
98200	4067.823677839304
98300	4069.176739674236
98400	4070.4255942674936
98500	4071.7249285695725
98600	4073.347679366416
98700	4075.08095917583
98800	4077.0967560114805
98900	4079.4260687096394
99000	4081.421747993212
99100	4083.097733014787
99200	4084.710509356868
99300	4086.1375729010906
99400	4087.6644435736234
99500	4089.2969924276695
99600	4090.9367824160145
99700	4092.868435275741
99800	4095.004498087219
99900	4096.628073499189
100000	4098.0986875930685
100100	4099.719907086459
100200	4101.500100682024
100300	4103.203711243579
100400	4105.326349762268
100500	4107.361657817964
100600	4109.036378164485
100700	4110.462726218102
100800	4112.001506833069
100900	4113.565027891251
101000	4114.905479232257
101100	4116.1152836669935
101200	4117.396923163615
101300	4118.649229489092
101400	4120.089056411525
101500	4121.685092776606
101600	4123.296176948585
101700	4124.894197956368
101800	4126.556328942825
101900	4128.639625084412
102000	4130.620256909926
102100	4132.624198440753
102200	4135.058520154678
102300	4137.427288182778
102400	4140.011556167214
102500	4142.47844723874
102600	4144.708232612291
102700	4146.668526092661
102800	4148.951408836001
102900	4151.191377757001
103000	4153.512249321735
103100	4155.93746136874
103200	4158.271085377317
103300	4160.564491948055
103400	4162.742185102601
103500	4164.882268214133
103600	4166.759914370137
103700	4168.912503570085
103800	4171.116618452012
103900	4173.044510476117
104000	4174.907386059407
104100	4176.760778400465
104200	4178.40731427609
104300	4180.0171790955355
104400	4181.9323640092625
104500	4183.732462139975
104600	4185.514539216121
104700	4187.421855103923
104800	4189.03824069869
104900	4190.239968980313
105000	4191.4270038413815
105100	4192.469122288458
105200	4193.452698237263
105300	4194.469497236074
105400	4195.428529155324
105500	4196.2917288584285
105600	4197.367482234549
105700	4198.602108793508
105800	4199.620981397224
105900	4200.564220626431
106000	4201.642107067048
106100	4202.92895874643
106200	4204.338847326173
106300	4205.739485815982
106400	4207.307804040378
106500	4209.306912680448
106600	4211.184415298514
106700	4212.721517068567
106800	4214.693621198996
106900	4217.152263771626
107000	4219.526064584788
107100	4221.726404453744
107200	4224.337073621398
107300	4226.999044923694
107400	4229.690357124899
107500	4232.456526410533
107600	4235.264551447006
107700	4238.41378364322
107800	4241.5248119071475
107900	4244.5135893824045
108000	4248.060002308921
108100	4251.604738068709
108200	4255.152917162282
108300	4258.506106200162
108400	4261.841908571718
108500	4265.093107586261
108600	4268.458694928966
108700	4271.625837849162
108800	4274.767978741613
108900	4278.047035663505
109000	4281.672441958333
109100	4284.933633360139
109200	4288.251510315866
109300	4291.807347517577
109400	4295.094668837788
109500	4298.2400076574995
109600	4301.296712840558
109700	4303.9970154741895
109800	4306.3841713145375
109900	4308.86427113571
110000	4311.112626536051
110100	4313.460427837563
110200	4316.083948908548
110300	4318.507285761123
110400	4321.184355941834
110500	4323.712551712466
110600	4326.03434599546
110700	4328.544573939231
110800	4330.722894237202
110900	4333.201536350243
111000	4335.857098003675
111100	4338.687638526026
111200	4341.748083709623
111300	4344.6808776798425
111400	4347.254842180002
111500	4349.739008638833
111600	4351.901197637257
111700	4353.987196404603
111800	4355.697927322995
111900	4357.499242091493
112000	4359.311971448769
112100	4361.026531582815
112200	4362.958834462508
112300	4364.701022019668
112400	4366.646768701903
112500	4368.767708583095
112600	4370.92154903675
112700	4373.178838007327
112800	4375.731469038641
112900	4378.1923105682945
113000	4380.669891576166
113100	4382.972907662217
113200	4385.146080715
113300	4387.423130045936
113400	4389.5517178231385
113500	4391.526741056121
113600	4393.644235157117
113700	4395.610542634793
113800	4397.672462494753
113900	4399.851719785016
114000	4402.08806302218
114100	4404.327907849976
114200	4406.74512008921
114300	4409.407489048492
114400	4412.121254613914
114500	4414.743266915204
114600	4417.179317803297
114700	4419.919010924699
114800	4422.8537311113905
114900	4425.775227666483
115000	4428.506632164877
115100	4431.13378495822
115200	4433.5926652746275
115300	4436.299696268281
115400	4439.151833179523
115500	4442.008927388582
115600	4444.7225183213595
115700	4447.597123219166
115800	4450.1943565210095
115900	4452.758020120382
116000	4455.813635045546
116100	4458.802011103893
116200	4462.0697915752535
116300	4465.108257097425
116400	4467.896810245293
116500	4470.457369163865
116600	4472.675065395539
116700	4475.3070763328
116800	4477.973837410391
116900	4480.92583509261
117000	4483.720534473192
117100	4486.362081476313
117200	4489.218132894661
117300	4491.871262467001
117400	4494.368539688236
117500	4496.911190989427
117600	4499.424124149082
117700	4501.905885951244
117800	4504.519773116743
117900	4507.266014211462
118000	4510.049799384316
118100	4512.837703391211
118200	4515.789499245409
118300	4518.809061829175
118400	4522.135212284338
118500	4525.839613925316
118600	4529.626799793914
118700	4533.356157010305
118800	4537.003334336332
118900	4540.5269608053495
119000	4543.877119105484
119100	4547.400277418026
119200	4550.727535610553
119300	4554.13852944097
119400	4557.513143046119
119500	4560.90586047736
119600	4564.242030376452
119700	4567.817053136474
119800	4571.651103472512
119900	4575.678440657095
120000	4579.565233256144
120100	4583.369218134787
120200	4586.908776647819
120300	4590.356752305292
120400	4593.893506704306
120500	4597.528275850229
120600	4601.031694998441
120700	4604.644840997469
120800	4608.321220564307
120900	4611.808791334508
121000	4615.125584391877
121100	4618.209257451643
121200	4621.203468320309
121300	4623.4107851558365
121400	4625.647028328851
121500	4627.903070165368
121600	4630.368128356524
121700	4632.533681764617
121800	4634.849596390384
121900	4636.67632562248
122000	4638.519615039171
122100	4640.38388920424
122200	4642.248998087074
122300	4644.258318328473
122400	4646.329079591669
122500	4648.545088113053
122600	4650.92079228611
122700	4653.257509528135
122800	4655.552601760544
122900	4657.708139041846
123000	4660.210061880876
123100	4662.396344506706
123200	4664.559404176893
123300	4666.689260930638
123400	4668.989648314018
123500	4671.258944371366
123600	4673.590809591697
123700	4675.844105708937
123800	4678.097675482684
123900	4680.286419818818
124000	4682.520196954603
124100	4684.472167674103
124200	4686.194804542582
124300	4687.891085630457
124400	4689.378659407434
124500	4690.851604370517
124600	4692.38714191434
124700	4693.869495124731
124800	4695.269016318489
124900	4696.718894243415
125000	4698.465858249343
125100	4700.18091780605
125200	4701.964864343347
125300	4703.60971085151
125400	4705.265944608604
125500	4707.128679577494
125600	4709.288794307387
125700	4711.380994644016
125800	4713.8710668933345
125900	4716.196489927708
126000	4718.481733312714
126100	4720.8843288072385
126200	4723.5926320319995
126300	4726.260436186276
126400	4728.874486072571
126500	4731.429602964374
126600	4734.097532358603
126700	4736.9220094624325
126800	4739.52687482693
126900	4741.8080183595885
127000	4743.855715959915
127100	4745.885471184796
127200	4747.748445314704
127300	4749.261970506574
127400	4750.900308920653
127500	4752.38043508929
127600	4754.152216135699
127700	4755.49943412398
127800	4757.012111318065
127900	4758.15020079579
128000	4759.394922842155
128100	4760.506319998531
128200	4761.781774295785
128300	4762.731301006279
128400	4763.407681230572
128500	4764.142936077493
128600	4765.067577931972
128700	4765.754789176455
128800	4766.397134362953
128900	4766.998355834978
129000	4768.034230575198
129100	4769.204583379265
129200	4770.484384252282
129300	4772.087584692519
129400	4773.673853568092
129500	4775.150407753186
129600	4776.656681340653
129700	4778.103012651147
129800	4779.587660707068
129900	4781.323287109088
130000	4783.1468620483065
130100	4785.152625312214
130200	4787.449974950578
130300	4789.770075686451
130400	4792.116521842952
130500	4794.31925522408
130600	4796.355516862299
130700	4798.452250063419
130800	4800.289901217795
130900	4802.10591254296
131000	4803.724094319798
131100	4804.98809275002
131200	4806.085385912738
131300	4807.717161612934
131400	4809.550461796229
131500	4811.441842375265
131600	4813.3955089072115
131700	4815.388033630501
131800	4816.776482094778
131900	4817.855972275196
132000	4818.920853539312
132100	4820.044331702462
132200	4821.087656173273
132300	4822.13611868181
132400	4823.033533033449
132500	4824.011901043297
132600	4825.1574985383195
132700	4826.583545247384
132800	4827.917714364652
132900	4829.282062932849
133000	4830.592031040345
133100	4831.68524614512
133200	4832.957501148747
133300	4834.431613445631
133400	4835.632796904189
133500	4836.699933114636
133600	4837.416946169164
133700	4838.462808726763
133800	4839.747464917542
133900	4841.211384116556
134000	4842.854401529476
134100	4844.433153449732
134200	4845.7421462453785
134300	4846.450875326409
134400	4847.311933637713
134500	4848.473779346736
134600	4849.667269338155
134700	4850.635969592724
134800	4851.768432010373
134900	4852.569043900876
135000	4853.157542852336
135100	4853.709288353915
135200	4854.37642652099
135300	4855.006865255418
135400	4855.4786039601895
135500	4855.791814334167
135600	4856.15790925367
135700	4856.617432518862
135800	4856.425308648439
135900	4856.028831515869
136000	4855.231405608647
136100	4854.436835399247
136200	4853.628790676303
136300	4852.704731412756
136400	4851.664974620333
136500	4850.575961315248
136600	4849.145157787192
136700	4847.226507818559
136800	4845.301979351847
136900	4843.5059261791175
137000	4841.734923973039
137100	4839.97786403005
137200	4838.514941141126
137300	4836.854940592311
137400	4835.314126394165
137500	4833.441058267199
137600	4831.6495104728965
137700	4829.769307009003
137800	4827.55442558974
137900	4825.495414365665
138000	4823.575624683581
138100	4821.355119720334
138200	4818.957183552149
138300	4816.488063371624
138400	4814.066806524992
138500	4811.622741454688
138600	4809.5428942872095
138700	4807.745866450772
138800	4805.632890947396
138900	4803.742799362051
139000	4801.945344511594
139100	4800.078139239864
139200	4797.844146311865
139300	4795.328790319851
139400	4792.353612130217
139500	4789.204266642861
139600	4785.7306146534975
139700	4782.303501829796
139800	4779.237725630985
139900	4775.66662650404
140000	4772.310607927444
140100	4768.250480593764
140200	4764.219522136904
140300	4760.441763142473
140400	4756.587984247424
140500	4752.896888825053
140600	4749.564838650753
140700	4746.134083969751
140800	4742.678403953032
140900	4739.621055748954
141000	4736.000755512796
141100	4732.355410521792
141200	4728.978226271458
141300	4725.286869617412
141400	4721.960573534714
141500	4718.558475070808
141600	4715.197741462267
141700	4711.743827983562
141800	4708.054978508793
141900	4704.873515365878
142000	4701.67899571039
142100	4698.793328698259
142200	4695.553952894756
142300	4691.9273888107855
142400	4688.186740425008
142500	4684.575094231579
142600	4680.6400854237145
142700	4676.836338729539
142800	4672.799049491528
142900	4668.733552527789
143000	4664.658069589117
143100	4660.18170220434
143200	4656.0724663703
143300	4652.488452814403
143400	4647.666934644687
143500	4642.198000359524
143600	4637.035347050871
143700	4631.955057785788
143800	4627.000552605081
143900	4622.035851379042
144000	4617.285324112512
144100	4612.327589966182
144200	4607.2913907725015
144300	4602.337843473768
144400	4597.193735933339
144500	4592.51247587963
144600	4587.431294270675
144700	4582.221755339706
144800	4577.104357494158
144900	4571.783537036914
145000	4566.289886605053
145100	4560.74359339464
145200	4555.342464134563
145300	4549.581507321855
145400	4544.207983633911
145500	4539.162844236416
145600	4534.010444937681
145700	4528.95740635565
145800	4523.56258929061
145900	4517.769965381245
146000	4512.094848801091
146100	4506.406191392802
146200	4500.663354700489
146300	4494.726998593949
146400	4489.171146467095
146500	4483.681014775182
146600	4477.72139347269
146700	4471.727045332955
146800	4465.672111286025
146900	4459.9223964868
147000	4454.246773800929
147100	4448.82918286277
147200	4443.2915726295905
147300	4437.453522992029
147400	4431.511093746056
147500	4425.04369574826
147600	4419.095057345927
147700	4413.602966648759
147800	4407.980549870466
147900	4402.602845029556
148000	4397.392704162456
148100	4391.508634873491
148200	4385.656561248994
148300	4379.536913457268
148400	4372.779045444331
148500	4365.899086770834
148600	4359.417308852717
148700	4352.977581756888
148800	4346.217626961006
148900	4339.461741319334
149000	4332.817113312602
149100	4326.315462985658
149200	4320.047156654822
149300	4314.124800110469
149400	4308.003750900738
149500	4301.639697430772
149600	4295.807783581375
149700	4290.153128274833
149800	4284.464988856635
149900	4277.459814746573
150000	4271.020104593947
150100	4264.419592287857
150200	4257.25306505966
150300	4250.337372690439
150400	4244.475106075464
150500	4238.510900246794
150600	4232.389759785321
150700	4226.188869751291
150800	4220.4111073887325
150900	4214.341570816061
151000	4208.562919914955
151100	4202.998464670207
151200	4197.794664230081
151300	4192.84737206361
151400	4187.13340561802
151500	4181.419833032996
151600	4175.400608450058
151700	4169.214524473704
151800	4163.012213674316
151900	4156.779303859337
152000	4150.645360097638
152100	4144.4588205187465
152200	4137.971501403663
152300	4131.515069595887
152400	4125.053306800837
152500	4118.897658732487
152600	4112.591388850706
152700	4106.128915654379
152800	4099.220352430828
152900	4092.148324065318
153000	4085.143184057437
153100	4077.7677697459003
153200	4070.6946978141787
153300	4063.216177747119
153400	4055.9934025116963
153500	4049.268467048765
153600	4043.112313734775
153700	4036.8536316952086
153800	4030.8188137225225
153900	4024.643857699877
154000	4018.7173601466347
154100	4012.607789277681
154200	4006.4764026337652
154300	4000.3362270185607
154400	3993.4452728809556
154500	3986.607090655656
154600	3979.8016718744184
154700	3972.4215793986805
154800	3965.2622277201153
154900	3958.7369889084366
155000	3952.142597524682
155100	3945.491696685145
155200	3938.726362278161
155300	3932.2850709682098
155400	3925.430135544797
155500	3919.0254691216396
155600	3912.012362493959
155700	3904.6016881789546
155800	3896.4209887490724
155900	3888.5755889933207
156000	3881.037294993177
156100	3873.353004518838
156200	3866.378413101367
156300	3859.9159670620575
156400	3853.5675328389043
156500	3847.4137797323056
156600	3841.1952167244744
156700	3835.63962546119
156800	3830.3734560213634
156900	3825.4149245134904
157000	3820.3926564189023
157100	3815.0216427043197
157200	3809.1859758198843
157300	3802.5752103269915
157400	3795.8871037646895
157500	3788.5352107073413
157600	3780.947356275923
157700	3773.3310883863596
157800	3765.5571615606896
157900	3757.501263630227
158000	3749.7207533069304
158100	3741.096797567967
158200	3732.593115049356
158300	3724.4513614932657
158400	3716.051376162737
158500	3707.693039558537
158600	3698.790638199367
158700	3689.4344798937673
158800	3680.1157560086576
158900	3670.5123247504234
159000	3660.6822678445023
159100	3650.560009293724
159200	3640.83844688104
159300	3631.0787897653063
159400	3621.5080976468744
159500	3612.158264424186
159600	3603.576961893239
159700	3595.442884134769
159800	3587.216862543777
159900	3578.3078583675087
160000	3569.226816333714
160100	3560.676976862247
160200	3552.5114746348117
160300	3544.580162690778
160400	3536.4293816783465
160500	3528.538146015606
160600	3520.658254602924
160700	3512.948553075432
160800	3505.546884593612
160900	3497.7993530536187
161000	3489.939899703313
161100	3481.5898543737712
161200	3473.6432046829723
161300	3465.252501776209
161400	3457.427565794438
161500	3450.359613501816
161600	3443.965686476964
161700	3437.741604487819
161800	3431.661666229309
161900	3425.343101197039
162000	3418.627092476818
162100	3411.8508026620257
162200	3405.7244998324313
162300	3399.3777180670877
162400	3393.372002731019
162500	3387.2789155172068
162600	3381.3837601366686
162700	3375.548188050161
162800	3370.8736600301345
162900	3365.820566809445
163000	3360.7273947771173
163100	3354.7215287358267
163200	3349.0462392205955
163300	3343.250353985175
163400	3337.1353913354687
163500	3330.5759847094305
163600	3324.0130678378046
163700	3317.6202309468645
163800	3310.80489123438
163900	3303.7283263101126
164000	3296.9032348700566
164100	3289.8063453437644
164200	3282.689779041277
164300	3276.6808442006004
164400	3270.9898387980647
164500	3265.587121493998
164600	3260.4216879936866
164700	3256.067498633289
164800	3251.425728824339
164900	3246.643246630847
165000	3241.223649645748
165100	3235.5462411306216
165200	3229.5628554046853
165300	3223.348185956769
165400	3217.3516672212863
165500	3210.880615349044
165600	3203.9851763876504
165700	3196.711932492268
165800	3189.676296167425
165900	3183.0920259139384
166000	3176.44323930057
166100	3170.2146230757353
166200	3164.346933001303
166300	3158.756887886091
166400	3152.897066678328
166500	3147.159238294
166600	3141.3344332026318
166700	3135.6796596766217
166800	3130.575824641972
166900	3125.865360397671
167000	3121.121220968198
167100	3116.433802368061
167200	3112.006389948074
167300	3107.1148392229225
167400	3102.096517943195
167500	3096.9847712951014
167600	3091.8898614179925
167700	3087.3068052883027
167800	3082.796793805377
167900	3078.1177322360454
168000	3072.9825269977446
168100	3067.8113397714333
168200	3062.3165724767023
168300	3057.188821868971
168400	3052.0335497622145
168500	3046.742036749085
168600	3041.434752361558
168700	3036.145500624669
168800	3030.4322839739616
168900	3024.862299601373
169000	3019.2159106475883
169100	3014.008116152021
169200	3008.7267297412036
169300	3003.4542207740596
169400	2997.8610583825503
169500	2992.3282635884243
169600	2987.1305317453225
169700	2982.183583075006
169800	2977.1578410229995
169900	2972.2554058433743
170000	2967.1884251248557
170100	2962.3505256485078
170200	2958.0603813462076
170300	2953.7772893402143
170400	2949.786963081395
170500	2945.357159225445
170600	2940.7899583058315
170700	2935.6952565505635
170800	2930.3277251130203
170900	2924.8413181905053
171000	2919.9125196666573
171100	2915.2168062588316
171200	2911.068300967454
171300	2906.582210669294
171400	2902.076934672543
171500	2897.6285406867974
171600	2892.9541281334823
171700	2888.194874335779
171800	2883.255714933097
171900	2878.735429413093
172000	2873.8803366692155
172100	2868.5853219407145
172200	2862.963038044574
172300	2857.027895317937
172400	2851.372270258784
172500	2845.418638838397
172600	2839.7177734684083
172700	2834.335382087389
172800	2829.516163305205
172900	2824.944003571407
173000	2820.707476748037
173100	2816.71077424509
173200	2812.190136605117
173300	2808.0344856185257
173400	2804.1635304514202
173500	2800.588165298337
173600	2796.857282063691
173700	2793.250293263467
173800	2789.8556445558206
173900	2786.8199822091265
174000	2783.8113738555694
174100	2780.8190994475153
174200	2777.772644830169
174300	2774.9055918628583
174400	2772.492627687985
174500	2769.9065765771084
174600	2766.7044674673816
174700	2763.5527942797053
174800	2760.6867979785893
174900	2757.8504820158123
175000	2755.42914439016
175100	2752.9900876162574
175200	2750.549321855593
175300	2747.804083882482
175400	2745.0175824732287
175500	2742.5027539110743
175600	2739.7612140927813
175700	2737.1045772506623
175800	2734.824570314726
175900	2732.9606098611257
176000	2730.406746265304
176100	2727.8932406070526
176200	2725.354719948722
176300	2722.752016342536
176400	2719.985918328166
176500	2717.089217206172
176600	2714.145145784132
176700	2710.9643624562304
176800	2707.6768458732404
176900	2704.3331413274864
177000	2700.5414609151194
177100	2696.698771727737
177200	2693.1763999265386
177300	2689.86010868242
177400	2686.4389665632043
177500	2682.885475792922
177600	2679.943140605348
177700	2677.5020917899674
177800	2675.108146330749
177900	2673.1228646668023
178000	2670.869613919698
178100	2668.7379627466435
178200	2666.5716851187753
178300	2664.2944364317227
178400	2661.8823275578325
178500	2659.2548326891847
178600	2656.7024669472594
178700	2654.1934785113554
178800	2651.4147232069517
178900	2648.017888968927
179000	2644.744419903902
179100	2641.7276852331124
179200	2638.0263485899777
179300	2634.6638079639524
179400	2631.6777789974003
179500	2628.577374537068
179600	2625.0681815218413
179700	2622.8004928863957
179800	2620.8251453104313
179900	2618.6180408468354
180000	2616.3718105771113
180100	2614.1179755767225
180200	2611.87405301485
180300	2609.9875697064563
180400	2608.0326360962936
180500	2606.09338079032
180600	2604.0065601537935
180700	2601.8244111614767
180800	2599.353650662175
180900	2596.9221386851277
181000	2594.917830043065
181100	2593.5443894439377
181200	2592.0529001415707
181300	2590.7492599204415
181400	2589.813910728146
181500	2588.888946860272
181600	2588.272148265736
181700	2587.795092944638
181800	2587.2598122913623
181900	2586.451951144729
182000	2585.925261904078
182100	2585.597841266368
182200	2585.210372061236
182300	2584.738639879506
182400	2584.081460880174
182500	2583.5114159202203
182600	2583.0443855704507
182700	2582.5607551665744
182800	2582.1349778076983
182900	2581.75342501665
183000	2581.408075092535
183100	2581.2804243943538
183200	2581.1708867994603
183300	2581.437197326857
183400	2581.8177143703215
183500	2582.2429252584698
183600	2583.005992434337
183700	2583.904352038284
183800	2585.375174997549
183900	2586.8863185426453
184000	2588.44044215302
184100	2590.0892650957103
184200	2591.813439226651
184300	2594.1820604813984
184400	2596.7585870333132
184500	2599.350740048627
184600	2602.201185496233
184700	2604.800309743616
184800	2607.0666889751446
184900	2609.3191145149176
185000	2612.1372719519422
185100	2614.8105165835004
185200	2617.208465894917
185300	2619.2225861593615
185400	2620.724833494518
185500	2622.4303474627086
185600	2624.13516916096
185700	2624.888365977502
185800	2624.9494394567446
185900	2624.72498420754
186000	2624.4413736964925
186100	2624.477887344954
186200	2624.3823099714937
186300	2623.71717761294
186400	2622.7115124103148
186500	2621.3928168665734
186600	2620.0647866320796
186700	2618.1923549302737
186800	2616.3818919091136
186900	2614.586740128987
187000	2613.155902371742
187100	2611.8547080055578
187200	2610.073332973814
187300	2608.0172140931827
187400	2606.164041493903
187500	2604.3121095503448
187600	2602.4194004415185
187700	2600.225518934836
187800	2598.5327682513744
187900	2596.2208562289015
188000	2594.233965718944
188100	2592.2683368779253
188200	2590.3655685140984
188300	2588.0355458011036
188400	2585.386849180504
188500	2582.345068292343
188600	2579.0850094118505
188700	2575.5527568231337
188800	2571.9518151874654
188900	2568.057908517949
189000	2564.0303227283293
189100	2560.030038165627
189200	2556.446045344521
189300	2553.0358285378898
189400	2549.927163336659
189500	2546.6269842348993
189600	2543.8017159238225
189700	2541.556681170885
189800	2539.6189436951536
189900	2537.2594519692357
190000	2535.434551666025
190100	2534.238518007449
190200	2533.942403606605
190300	2533.8656848272076
190400	2533.9837264621747
190500	2534.285100734269
190600	2533.986709555902
190700	2533.361785082554
190800	2532.7701105076703
190900	2532.2152670229552
191000	2531.437414625543
191100	2530.5483823263785
191200	2529.76468060608
191300	2529.983216856257
191400	2530.017295455851
191500	2530.064283639833
191600	2530.165057917766
191700	2530.124419567117
191800	2530.013354783645
191900	2530.6814101348864
192000	2531.437879657373
192100	2531.9850891511305
192200	2532.4204479422187
192300	2533.044170692796
192400	2533.723349328153
192500	2534.4435007148422
192600	2535.670410997933
192700	2537.1894787147758
192800	2538.6820599206258
192900	2540.5103942957358
193000	2541.635573833366
193100	2543.03953821311
193200	2543.739741958212
193300	2544.789922703465
193400	2546.0384627415915
193500	2547.101150060422
193600	2547.709486086096
193700	2549.103348312725
193800	2550.592223382264
193900	2551.780735928507
194000	2552.697492813517
194100	2553.5782524084207
194200	2554.2431382774957
194300	2554.9788572916877
194400	2555.4945091256523
194500	2555.9323555806186
194600	2556.6147209421615
194700	2557.0629705410684
194800	2556.9997862435994
194900	2556.4390336043434
195000	2555.615769382741
195100	2554.8500730579253
195200	2554.5476890197024
195300	2554.869357763324
195400	2554.80289995583
195500	2554.1545492981677
195600	2553.245858442213
195700	2551.577081500727
195800	2549.5588875190006
195900	2547.1553240345092
196000	2544.802654283878
196100	2543.053394399758
196200	2541.198383745388
196300	2539.016057171393
196400	2537.449341585685
196500	2536.231769189704
196600	2535.334903270239
196700	2534.5186135274707
196800	2533.3532778925146
196900	2531.99675659067
197000	2530.3658457866986
197100	2528.62855191197
197200	2527.193669109489
197300	2526.0698321267264
197400	2524.766230905894
197500	2523.0804074420594
197600	2521.179742713808
197700	2519.574682763079
197800	2517.7328956519486
197900	2515.123260426859
198000	2513.2026258613914
198100	2512.0378786115907
198200	2511.3392476761946
198300	2510.900026046147
198400	2509.619280423387
198500	2508.6344235850265
198600	2507.6835929619265
198700	2506.99815894739
198800	2505.8009388812934
198900	2504.6272827325156
199000	2503.9129507827456
199100	2503.650702192157
199200	2503.1480247701984
199300	2502.272972900246
199400	2500.9780781728914
199500	2498.657471348881
199600	2496.793439144385
199700	2494.686966778594
199800	2492.3411582533154
199900	2489.1378420735127
200000	2486.793547605863
200100	2484.7858277295018
200200	2483.695920741593
200300	2482.5415627632174
200400	2481.689405367535
200500	2480.8962135468028
200600	2480.259369316569
200700	2479.580800190859
200800	2478.9034533894155
200900	2478.5865051787696
201000	2478.6344721337664
201100	2478.8303489185055
201200	2479.785217650351
201300	2480.902673380042
201400	2481.39624178916
201500	2481.8221145400894
201600	2482.7978444272303
201700	2483.6777192876907
201800	2484.6925304538454
201900	2485.6674909204594
202000	2486.2180374067393
202100	2487.3747731885524
202200	2488.0156132905977
202300	2489.2713111931225
202400	2490.0225802698988
202500	2489.8724829352577
202600	2488.7047765717725
202700	2487.2821178471204
202800	2486.0500389392837
202900	2484.7081070136046
203000	2483.4281398665044
203100	2481.906708190916
203200	2480.411676814081
203300	2479.450157205574
203400	2478.580924512993
203500	2477.9704304705374
203600	2477.4476015462424
203700	2477.1363873219234
203800	2476.837520625675
203900	2476.603754208598
204000	2477.042778855015
204100	2477.068727609352
204200	2476.6258303576615
204300	2476.3314200916793
204400	2476.1293356823735
204500	2475.625709441607
204600	2474.981048131711
204700	2474.774350466265
204800	2474.4318381906487
204900	2473.945186806319
205000	2473.186150877562
205100	2472.772799239552
205200	2472.166466136754
205300	2471.633791801869
205400	2471.5019580505905
205500	2471.4075762389693
205600	2470.5000404039165
205700	2469.993498211552
205800	2469.4148208181723
205900	2469.1049458360067
206000	2468.333123368444
206100	2467.037274298258
206200	2465.168652315624
206300	2463.6066083982005
206400	2462.4132132242667
206500	2461.192692838609
206600	2460.3238477004343
206700	2459.4500221148483
206800	2458.113063556608
206900	2456.873309396906
207000	2455.9052869201987
207100	2454.1391297244118
207200	2451.886431396415
207300	2450.042293438397
207400	2448.3501802932005
207500	2446.896970220667
207600	2445.285969804914
207700	2443.8198283216334
207800	2443.3383984697866
207900	2442.917808782542
208000	2441.7309666689835
208100	2440.5463873926783
208200	2440.020200070343
208300	2439.9033859306946
208400	2439.2753329365514
208500	2438.63852304389
208600	2438.610914043442
208700	2438.854052269715
208800	2439.4628236969
208900	2439.6794197006966
209000	2440.606623970263
209100	2441.540343978093
209200	2442.2085815811297
209300	2442.2177963152644
209400	2442.7405236244667
209500	2442.7493697996833
209600	2442.307091660099
209700	2441.5603582920157
209800	2440.3446326193516
209900	2439.7128031413304
210000	2438.6317966789356
210100	2437.2922765627154
210200	2436.5923268748447
210300	2436.150239778275
210400	2437.0210939897806
210500	2437.837277883489
210600	2438.1574715974275
210700	2439.102701339696
210800	2439.71689896757
210900	2440.183588554035
211000	2441.1328003737144
211100	2442.169221495511
211200	2443.936206925311
211300	2445.3932774905115
211400	2447.3178876008606
211500	2448.7088927202276
211600	2449.978986971779
211700	2451.2664590686327
211800	2453.153991150495
211900	2455.063682870008
212000	2456.8163473479217
212100	2458.8883715735865
212200	2460.979224104376
212300	2462.802811587462
212400	2464.085579656821
212500	2464.355756615754
212600	2464.7498527790303
212700	2465.3762434357195
212800	2467.2913056144025
212900	2468.2975954561844
213000	2468.1713117811596
213100	2467.3476867766003
213200	2467.219937285874
213300	2466.954108042817
213400	2467.4037094343803
213500	2467.4410946981516
213600	2467.6899457785184
213700	2467.8115361720556
213800	2467.3104945902014
213900	2466.9259129057173
214000	2466.5948105748394
214100	2466.3589452360175
214200	2466.938031012949
214300	2467.80534612044
214400	2468.4723281295737
214500	2469.936734343937
214600	2471.8144840861205
214700	2473.296534159337
214800	2474.649941998243
214900	2475.737732601294
215000	2476.7346858379897
215100	2477.4405250851996
215200	2477.6137416351703
215300	2478.093750527769
215400	2478.3633843183634
215500	2478.3303548797267
215600	2478.349229732761
215700	2479.0031891052495
215800	2479.699440724391
215900	2480.3092692237115
216000	2481.0877725792816
216100	2481.654197980417
216200	2482.4505134761566
216300	2483.4593376048724
216400	2484.010136430734
216500	2484.1143652390456
216600	2483.4199636021513
216700	2481.5172606735723
216800	2479.185603899474
216900	2476.5942455519107
217000	2474.306052609172
217100	2472.0446577686816
217200	2469.518948294455
217300	2466.3442033964093
217400	2462.827114229207
217500	2459.4954753823113
217600	2456.4173610293656
217700	2453.7343005860457
217800	2451.0328260913957
217900	2447.485290653771
218000	2443.1452569133253
218100	2438.815897937282
218200	2434.8551664508996
218300	2430.6597175440984
218400	2426.1049175871303
218500	2421.6996683059842
218600	2418.307399851561
218700	2415.364702749008
218800	2412.610230795399
218900	2409.9107431260054
219000	2407.3116351526696
219100	2404.80056248419
219200	2401.555706678366
219300	2399.435839710175
219400	2396.5602804374066
219500	2393.3245444358326
219600	2390.0570135632297
219700	2385.947604485671
219800	2381.1249637086294
219900	2376.5610292078345
220000	2372.308542373299
220100	2369.23965587368
220200	2365.8925338352565
220300	2362.8617837872007
220400	2361.05910667422
220500	2358.729814282269
220600	2356.3353330748505
220700	2353.7049053584924
220800	2349.8652657896164
220900	2345.193645434163
221000	2340.5966081313672
221100	2336.9605341398274
221200	2334.0506082018255
221300	2330.269988104119
221400	2327.0102951023728
221500	2323.802674743347
221600	2320.6521083436674
221700	2318.110641117615
221800	2315.163433004811
221900	2313.2539199269377
222000	2311.1354950424866
222100	2309.2782285868307
222200	2307.9364827345707
222300	2307.137553470384
222400	2306.381486584374
222500	2305.077274536423
222600	2303.641875375004
222700	2302.0615758036147
222800	2300.432460763608
222900	2298.2717172922567
223000	2296.3612984137726
223100	2293.903140397859
223200	2290.350277952617
223300	2286.9377843623515
223400	2284.6578474873095
223500	2281.89250175131
223600	2278.7059443419566
223700	2274.230746349378
223800	2270.511142981646
223900	2267.804485604109
224000	2264.471983490861
224100	2261.533287832688
224200	2257.9490093106288
224300	2254.482528468652
224400	2251.0001286518527
224500	2247.030483927403
224600	2243.0328738995595
224700	2238.658187724068
224800	2235.07409577159
224900	2229.5236705357675
225000	2223.5897141154273
225100	2216.988518795755
225200	2210.8464927619207
225300	2204.076249214355
225400	2195.996954421338
225500	2187.374890841369
225600	2177.859723819478
225700	2168.6612022183836
225800	2160.613537406083
225900	2153.468440583092
226000	2146.293798840721
226100	2138.7309654093697
226200	2128.504645961977
226300	2119.6822936955723
226400	2110.884838711587
226500	2103.0705170760048
226600	2095.3446205577347
226700	2087.8769074188895
226800	2080.376409045304
226900	2073.333723034768
227000	2067.6346598656964
227100	2061.345292651851
227200	2053.753062524891
227300	2046.6157853318145
227400	2039.1865683451178
227500	2030.8046455232543
227600	2023.3957923176931
227700	2015.96206543484
227800	2009.5058353274362
227900	2002.9615826695226
228000	1995.587601096544
228100	1988.3106498948182
228200	1982.1420321592013
228300	1977.2017188005266
228400	1972.6406796099618
228500	1968.3385149125825
228600	1963.8393832556321
228700	1960.2113181835157
228800	1957.1682594493614
228900	1954.2334324194235
229000	1950.3669169570203
229100	1946.0772157139727
229200	1942.2996614230797
229300	1938.1181979433168
229400	1933.309785002144
229500	1929.4355562245473
229600	1924.5880630835309
229700	1920.235105070169
229800	1915.1989885359653
229900	1911.3343459662865
230000	1906.531242047029
230100	1902.7185978491907
230200	1899.0707093598903
230300	1894.5271401765058
230400	1888.4999870597385
230500	1883.7573328286526
230600	1878.1894622178515
230700	1871.5536345895962
230800	1865.0554664311348
230900	1859.0368092324352
231000	1853.3809815663844
231100	1847.419945215981
231200	1840.8773986871238
231300	1835.2950909810024
231400	1829.8476851212909
231500	1823.8123519238434
231600	1818.1868372698664
231700	1814.037831592199
231800	1809.704187129566
231900	1804.6705750860274
232000	1799.1328801471973
232100	1794.3482122566202
232200	1789.6613405351527
232300	1785.2267499507288
232400	1781.8505802283762
232500	1779.5009252423188
232600	1778.1015805745265
232700	1776.3695285424474
232800	1776.8639868869213
232900	1777.5732480944716
233000	1777.8171515598078
233100	1778.4143567880383
233200	1779.6391612965963
233300	1782.125513359846
233400	1784.1095772968256
233500	1785.8635924799019
233600	1787.5273602230009
233700	1789.9968446203275
233800	1790.1532691564062
233900	1789.975768172706
234000	1790.4236084453878
234100	1790.9625287282397
234200	1793.094849335379
234300	1794.649060900032
234400	1794.9759128555306
234500	1794.8412994972896
234600	1795.3350773046259
234700	1795.6900101077044
234800	1795.6875361088896
234900	1796.0217778854421
235000	1796.5209349354263
235100	1797.4338188473484
235200	1798.8330218904885
235300	1799.5489599375287
235400	1801.0187552928692
235500	1804.351292840438
235600	1806.8095099946368
235700	1809.8555674033123
235800	1811.3155811693287
235900	1811.9779700525105
236000	1811.4467191103613
236100	1810.8681719160522
236200	1811.3138264068402
236300	1811.1537918262766
236400	1810.6959810699336
236500	1810.6078657524777
236600	1811.0039366446435
236700	1810.8238638174953
236800	1812.0039287250838
236900	1813.7563286066288
237000	1816.4141200373415
237100	1820.318035138771
237200	1826.1350706121884
237300	1833.2126930649974
237400	1841.721427043958
237500	1850.1775905711693
237600	1857.9504217161448
237700	1866.7924376208684
237800	1874.8984099397785
237900	1883.7580921894405
238000	1892.5552598972572
238100	1900.1283023104188
238200	1908.7247585711884
238300	1917.5118274495471
238400	1925.7556216977537
238500	1933.905909133202
238600	1942.744358317228
238700	1950.720879524015
238800	1958.615596724616
238900	1964.0687468608958
239000	1969.898099426122
239100	1976.577049585001
239200	1983.5883826282807
239300	1992.204084222787
239400	2001.5400122016435
239500	2010.983030761592
239600	2021.5864152608556
239700	2031.4725753332023
239800	2040.1326485339669
239900	2047.274781840155
240000	2055.6941676586866
240100	2063.9941708236584
240200	2072.9770826034364
240300	2080.391934617248
240400	2088.3821089663543
240500	2098.109811805596
240600	2106.925634076877
240700	2114.6988904952304
240800	2122.3408646711614
240900	2128.3530766374315
241000	2133.2267568982206
241100	2137.2472846257733
241200	2138.082814106019
241300	2141.07955194643
241400	2146.5457816735725
241500	2152.235829018755
241600	2158.3446627523517
241700	2165.3583571159397
241800	2172.566784008348
241900	2179.354490433063
242000	2183.946269958804
242100	2186.321725982765
242200	2186.06275149266
242300	2185.664730107761
242400	2184.5718850793783
242500	2186.3224490096327
242600	2187.290388012596
242700	2188.1427019900875
242800	2188.2463763937703
242900	2189.2940425539855
243000	2192.287435827893
243100	2196.305409301305
243200	2202.7321140225977
243300	2209.944967370422
243400	2214.599624608527
243500	2218.913636800018
243600	2223.7363828895614
243700	2226.5834931201534
243800	2233.16557175701
243900	2240.5256628503557
244000	2246.0563433446805
244100	2248.7747014405904
244200	2248.1918637265917
244300	2252.393790717935
244400	2258.0199534520507
244500	2266.876293291163
244600	2273.325996932632
244700	2274.756541273673
244800	2281.476760630321
244900	2286.1240915484377
245000	2285.789984940551
245100	2288.5587643127074
245200	2293.148099462327
245300	2298.1905140435556
245400	2305.5593398989877
245500	2310.3089290896314
245600	2310.5380856755655
245700	2308.5938951178687
245800	2307.0769899145816
245900	2305.543322616257
246000	2307.836125418544
246100	2308.9112523149815
246200	2313.4277782719
246300	2312.037381906237
246400	2306.5904762364225
246500	2305.61954706948
246600	2304.919621695357
246700	2305.5106078817626
246800	2305.538640045561
246900	2313.3383171374444
247000	2317.813356057508
247100	2322.8178370624664
247200	2323.321050837578
247300	2323.00212903769
247400	2318.1502794129774
247500	2316.7116042484413
247600	2307.0374328786274
247700	2302.327224857814
247800	2303.621098433796
247900	2298.1786396178068
248000	2300.1988650460844
248100	2291.1407066255924
248200	2276.466257426655
248300	2282.9909711839864
248400	2296.0597735906485
248500	2311.1133775371127
248600	2327.8845411504153
248700	2348.99179413222
248800	2366.680563131231
248900	2370.902558450878
249000	2373.0867254598998
249100	2370.2576874576043
249200	2350.9193135997048
249300	2339.2222854290158
249400	2358.4571024317993
249500	2349.4896572058788
249600	2349.4999676287407
249700	2372.0828894227743
249800	2410.1701733047958
249900	2391.2624846845865
250000	2380.4577345475554
