# MSD of Single Random Dynabead (H) (Single Random Atom)
LagTime(MCS)	MSD
0	0.0
100	2.55197976808995
200	5.1158194551826455
300	7.695933736744337
400	10.258762687677518
500	12.833714473526925
600	15.464414442831185
700	18.140134354063775
800	20.877690640627407
900	23.635710068512708
1000	26.309018825588282
1100	28.927763496059924
1200	31.577209890063386
1300	34.32847050263081
1400	37.015354561794084
1500	39.585675707494374
1600	42.233722042816225
1700	44.851403413689695
1800	47.50714578671614
1900	50.14561723830411
2000	52.786566500668414
2100	55.2992635947885
2200	57.86017647315748
2300	60.37717947276542
2400	62.87291990581434
2500	65.44030256004771
2600	68.05411941406783
2700	70.74586113495752
2800	73.38647009927081
2900	76.02290434081806
3000	78.80212614900665
3100	81.55993010441307
3200	84.4109782910673
3300	87.23133977840189
3400	90.17653930821689
3500	93.16913870122517
3600	96.15521674905904
3700	99.17803043697495
3800	102.1242455431493
3900	104.88955196959432
4000	107.71044283010997
4100	110.57666970707942
4200	113.47481841762783
4300	116.37392393796472
4400	119.31717989628669
4500	122.18226612021681
4600	124.9442026077304
4700	127.80613592878217
4800	130.6405865237466
4900	133.53127700235927
5000	136.43760585045675
5100	139.42969651863677
5200	142.46366674179444
5300	145.58886024804087
5400	148.77821013901848
5500	152.04552950529614
5600	155.29580380837433
5700	158.53009150351863
5800	161.80183834390482
5900	165.1765410695807
6000	168.54966064775363
6100	172.07451869442593
6200	175.61887786217267
6300	179.18895639735274
6400	182.72181429335615
6500	186.188138601603
6600	189.6116617685184
6700	192.80403035040945
6800	196.15448449243559
6900	199.46702892973553
7000	202.72303557716077
7100	205.98510195023846
7200	209.25653298362158
7300	212.50533040455775
7400	215.57845451607136
7500	218.60462662181817
7600	221.6491445574793
7700	224.6542209290783
7800	227.58764029410668
7900	230.4869759819121
8000	233.4105946184136
8100	236.37041130737634
8200	239.44735840929206
8300	242.5554049469647
8400	245.81814013107214
8500	249.04825078562135
8600	252.25426249875454
8700	255.3490190228331
8800	258.4501748068724
8900	261.5685757274623
9000	264.6906344088493
9100	267.77416186168557
9200	270.9521455783397
9300	273.9679487150861
9400	276.90301002009073
9500	279.7612922292901
9600	282.6648325424758
9700	285.46593184029916
9800	288.1916772615514
9900	290.9814661454875
10000	293.85071444365894
10100	296.7095592076075
10200	299.5153873845702
10300	302.35746828326955
10400	305.2192824401427
10500	308.1155322063132
10600	310.9592916103429
10700	313.943315267039
10800	316.787282461999
10900	319.55897886119783
11000	322.33429150894517
11100	325.2060888565029
11200	328.061549109465
11300	330.82157672022004
11400	333.5307255877997
11500	336.2296483658138
11600	338.98603497771546
11700	341.8103140981402
11800	344.5592857293086
11900	347.2874066810473
12000	350.04572916269535
12100	352.8652269950253
12200	355.625985263614
12300	358.32775209879037
12400	361.1553660337231
12500	364.0092771476484
12600	366.8656014649896
12700	369.52986350265564
12800	372.1876944139949
12900	374.6904942598776
13000	377.19689404638484
13100	379.56275176722556
13200	381.95734923519194
13300	384.46345304482384
13400	386.9150601536385
13500	389.34802715928527
13600	391.7989799149218
13700	394.08647685841424
13800	396.3575251948787
13900	398.5571161371772
14000	400.8449856590596
14100	403.16132055118214
14200	405.42018456035294
14300	407.6283850746113
14400	409.88963970326586
14500	412.1614713363233
14600	414.57135310262674
14700	416.9592419382534
14800	419.22798858908936
14900	421.5439880355261
15000	423.8666725400835
15100	426.2546855068649
15200	428.5401736718486
15300	430.9290311795776
15400	433.3567221615813
15500	435.7359573277645
15600	438.13221186888404
15700	440.5277601592825
15800	442.7752453832654
15900	445.01787695958046
16000	447.3981846810784
16100	449.7107088319608
16200	452.0456939949072
16300	454.3260482061887
16400	456.7026639743126
16500	459.2055298864143
16600	461.7285105198389
16700	464.2484932958614
16800	466.6886653114925
16900	469.19705292157596
17000	471.6471149706049
17100	474.0585604412481
17200	476.565907083801
17300	479.13581645005615
17400	481.7701367576374
17500	484.5624501108541
17600	487.2871508190292
17700	489.9671416297206
17800	492.62427315406967
17900	495.08540954068303
18000	497.60259854380274
18100	500.17897641443415
18200	502.7833957923576
18300	505.4282170695951
18400	508.11104912374867
18500	510.7616496090195
18600	513.4601453472278
18700	516.1246193473344
18800	518.8059443154489
18900	521.4350031817448
19000	524.1366047179326
19100	526.7895155796432
19200	529.3590805986314
19300	531.9331653001136
19400	534.4763868568698
19500	536.9995519848308
19600	539.5255175394705
19700	541.9483785490738
19800	544.2990988189122
19900	546.6841157004237
20000	549.1948361810646
20100	551.6411976614618
20200	554.0536143697682
20300	556.4724129467504
20400	558.8193973546731
20500	560.9783706023009
20600	563.2484349985025
20700	565.4349965353031
20800	567.6045826086774
20900	569.711564216821
21000	571.7552762832493
21100	573.910991403216
21200	576.0849883654155
21300	578.434287159238
21400	580.7719777884777
21500	583.1316865218687
21600	585.5929812079412
21700	588.0506209102459
21800	590.4945746785379
21900	592.8871317076846
22000	595.3198156236322
22100	597.6004554333049
22200	599.9366177963093
22300	602.3735376903205
22400	604.7163477023714
22500	607.2015976525145
22600	609.5374659638619
22700	611.9664390223916
22800	614.5130150857149
22900	617.0473989375168
23000	619.6725703491247
23100	622.1566602374078
23200	624.580324074137
23300	626.876819082303
23400	629.2222155953641
23500	631.6060339987162
23600	633.986445913557
23700	636.3325514369062
23800	638.4319744420936
23900	640.3070456465939
24000	642.2744165092008
24100	644.164888023166
24200	646.0265235898551
24300	647.9119744370109
24400	649.8578749657609
24500	651.8158794028568
24600	653.7688158384408
24700	655.6677621558192
24800	657.4660298527451
24900	659.3019673299277
25000	661.049424025754
25100	662.8436038329965
25200	664.6996881550294
25300	666.622650010162
25400	668.5288512681145
25500	670.5219919619267
25600	672.4224716145545
25700	674.162091561011
25800	675.9146803027252
25900	677.8237095132936
26000	679.7535623791046
26100	681.6977034437587
26200	683.5772109873942
26300	685.5333823896945
26400	687.6216668900452
26500	689.7972496910952
26600	691.870760329417
26700	694.0097391467425
26800	696.0704021832789
26900	698.2439932685811
27000	700.485302138608
27100	702.8287117773434
27200	705.2156989914365
27300	707.6563392461394
27400	710.2404117763508
27500	712.795876599208
27600	715.3210253627622
27700	717.8591977761243
27800	720.5121899856022
27900	723.1013552162331
28000	725.8212425893289
28100	728.5929336135159
28200	731.3370392506476
28300	734.1244595333701
28400	737.012843423814
28500	739.7622858910472
28600	742.6044308461715
28700	745.3833664356498
28800	748.1793688576436
28900	750.9740970871644
29000	753.84300561907
29100	756.6613623594749
29200	759.5614054197795
29300	762.483535571082
29400	765.3926471514278
29500	768.3188240802847
29600	771.2599011206767
29700	774.2167284129537
29800	777.1816443817224
29900	780.2302380785695
30000	783.1656221434823
30100	786.1212019525701
30200	789.0464562568814
30300	792.0065564263496
30400	795.103657419153
30500	798.2169460964506
30600	801.3592107181321
30700	804.4683185549802
30800	807.5268737162114
30900	810.5558853539987
31000	813.5878570729401
31100	816.721028467
31200	819.8684887663694
31300	822.9207245261641
31400	826.0390370336827
31500	829.1713277583476
31600	832.3636696591857
31700	835.5574471264845
31800	838.7155217221589
31900	841.8196989645367
32000	844.9915972872404
32100	848.0835820296197
32200	851.2115536016063
32300	854.4626227036351
32400	857.6354395888629
32500	860.6979595306329
32600	863.7970005783136
32700	866.9968270384707
32800	870.1862732268637
32900	873.3008329073782
33000	876.5828384404886
33100	879.8340342174051
33200	883.0654775456642
33300	886.2867147904471
33400	889.5612211412517
33500	892.881204846839
33600	896.1195542963687
33700	899.1957194908173
33800	902.3054907813785
33900	905.3655746092554
34000	908.3284377829405
34100	911.2007878780714
34200	914.0605299583403
34300	916.8598041544901
34400	919.6425748291658
34500	922.5114689107868
34600	925.4850531257689
34700	928.4760721712955
34800	931.5124499779777
34900	934.5063932986814
35000	937.5595826769131
35100	940.6259582049097
35200	943.8541771208402
35300	946.9667529934668
35400	950.1098233297816
35500	953.1948489358765
35600	956.1969960093265
35700	959.152616544161
35800	962.2264386585448
35900	965.3512913038721
36000	968.4275903940434
36100	971.551617852645
36200	974.7466152741108
36300	978.0114583942341
36400	981.3417636426748
36500	984.7106895960169
36600	988.0355983769987
36700	991.2852392170462
36800	994.5425375645282
36900	997.7966483042692
37000	1001.149587427557
37100	1004.4277033564285
37200	1007.6393398343935
37300	1010.8503120458918
37400	1014.2549201449729
37500	1017.642093475908
37600	1020.9268566596438
37700	1024.2341540186899
37800	1027.518980092078
37900	1030.748524721188
38000	1033.979704964324
38100	1037.1601996991667
38200	1040.1582802321063
38300	1043.0908765181666
38400	1046.0166134205647
38500	1049.013226588664
38600	1052.1354415413225
38700	1055.246117130795
38800	1058.488500341482
38900	1061.7384432271356
39000	1064.9676381529425
39100	1068.2464356484707
39200	1071.3794097910868
39300	1074.5347560173832
39400	1077.6545009368565
39500	1080.8995330191683
39600	1084.1327293146169
39700	1087.3826903438894
39800	1090.6644688748638
39900	1094.0285257878131
40000	1097.2947664961102
40100	1100.6520793496165
40200	1103.9194776138174
40300	1107.1410356846754
40400	1110.4335609740228
40500	1113.807252703642
40600	1117.1620437735692
40700	1120.5294206076069
40800	1123.9089256916195
40900	1127.3177395116072
41000	1130.820142415003
41100	1134.2170115009067
41200	1137.6421821289696
41300	1141.0651885925909
41400	1144.5787050114013
41500	1148.1708302484476
41600	1151.721456653846
41700	1155.3909176603192
41800	1159.074628240196
41900	1162.7886853418895
42000	1166.5096408298123
42100	1170.3334021582268
42200	1174.1626457772218
42300	1177.9385018903413
42400	1181.6356507253367
42500	1185.21113402216
42600	1188.7017981151585
42700	1192.161900670675
42800	1195.45882923709
42900	1198.9002443550853
43000	1202.2627956644865
43100	1205.5299053826602
43200	1208.8151828441187
43300	1212.0327241788036
43400	1215.2141088913777
43500	1218.4633233607747
43600	1221.716119947494
43700	1224.9568739547394
43800	1228.1195764885051
43900	1231.276556767465
44000	1234.419042757363
44100	1237.6153189613833
44200	1240.8024878169526
44300	1243.9482254338218
44400	1247.104452846921
44500	1250.4162238438148
44600	1253.7781521003344
44700	1257.076438563643
44800	1260.3844349982683
44900	1263.6465345818433
45000	1266.7666775176185
45100	1269.982648489764
45200	1273.359176170081
45300	1276.560403901327
45400	1279.9046272042324
45500	1283.287907243881
45600	1286.7092887998442
45700	1290.0165056487895
45800	1293.4520177341183
45900	1296.8491993663483
46000	1300.2427463576896
46100	1303.4062414537766
46200	1306.4757802006789
46300	1309.6315919382614
46400	1312.8145626293262
46500	1316.0896908324794
46600	1319.4063757052063
46700	1322.7735633653356
46800	1326.29349079018
46900	1329.854715271038
47000	1333.4223992375773
47100	1336.96637103596
47200	1340.4643935812055
47300	1344.113911464985
47400	1347.6324510112754
47500	1351.2442183724488
47600	1354.947906563175
47700	1358.6752797428053
47800	1362.349369026313
47900	1366.0154817021685
48000	1369.6473401329713
48100	1373.2250014548772
48200	1376.721589193272
48300	1380.1787337768474
48400	1383.5784093765542
48500	1387.0447912140517
48600	1390.6270124521106
48700	1394.1189241057727
48800	1397.6863299476681
48900	1401.382508423354
49000	1405.0600256464677
49100	1408.627836949483
49200	1412.0642413323512
49300	1415.5928658807534
49400	1419.1366538800066
49500	1422.4924009258975
49600	1425.8037944367388
49700	1429.0774708925746
49800	1432.2638960210024
49900	1435.5770193879725
50000	1438.8294396877754
50100	1442.0122102051391
50200	1445.070590548683
50300	1448.0733907291433
50400	1450.9872633995838
50500	1453.9487342629
50600	1456.8664751395117
50700	1459.7349176452262
50800	1462.5769574264414
50900	1465.470760390046
51000	1468.3235716794734
51100	1471.1261506410083
51200	1473.9635920108412
51300	1476.7343987080385
51400	1479.36569102871
51500	1482.0090253918897
51600	1484.4130598669872
51700	1486.913070459268
51800	1489.4359885556041
51900	1491.8704207858536
52000	1494.478628863464
52100	1496.9934510885505
52200	1499.4839153774665
52300	1501.9391123036621
52400	1504.3694650262478
52500	1506.8560907256324
52600	1509.5148045252427
52700	1512.1900821308373
52800	1515.046049238881
52900	1517.834052617487
53000	1520.616408054193
53100	1523.5826136566466
53200	1526.6579570552567
53300	1529.7310456933337
53400	1532.783425289963
53500	1535.9080993700773
53600	1539.0425340221846
53700	1542.0479652509093
53800	1544.9700814260868
53900	1548.0534997298964
54000	1551.1199335391866
54100	1553.9701354914578
54200	1556.7678765730816
54300	1559.6013207675423
54400	1562.3781902909395
54500	1565.364405794011
54600	1568.2758304279414
54700	1571.1154059551773
54800	1573.7664854575996
54900	1576.3987270423095
55000	1578.9896792492364
55100	1581.5152781833895
55200	1584.0245844957535
55300	1586.5274042803794
55400	1589.050558712508
55500	1591.5758441634243
55600	1594.3352221389068
55700	1597.2456460475223
55800	1600.1999501375249
55900	1603.0949460920529
56000	1606.186920720851
56100	1609.3197600659914
56200	1612.4353066090844
56300	1615.647460658336
56400	1618.767876459111
56500	1621.9318971317844
56600	1625.0508120438317
56700	1628.1188812053879
56800	1631.0795338212629
56900	1634.1115727167926
57000	1637.2448477930739
57100	1640.3401184393442
57200	1643.3345482363948
57300	1646.269823015784
57400	1649.275603519287
57500	1652.3028930012952
57600	1655.16594935779
57700	1658.2571858767187
57800	1661.3282136108028
57900	1664.5443762383657
58000	1667.6661597185303
58100	1670.9249865334132
58200	1674.0634958905866
58300	1677.0550551505294
58400	1680.0680375748198
58500	1683.011712027248
58600	1685.937400728988
58700	1688.9506581882015
58800	1691.9510779534467
58900	1695.0689439771813
59000	1698.352830909891
59100	1701.609497212572
59200	1704.93132230622
59300	1708.1457015757333
59400	1711.2174859187799
59500	1714.2335768947378
59600	1717.2610201625503
59700	1720.2276635072776
59800	1723.3312162705115
59900	1726.3657943003345
60000	1729.3059926701244
60100	1732.2412304828176
60200	1735.1530160375405
60300	1738.1192848896608
60400	1740.8133470139583
60500	1743.3441098945332
60600	1745.893349115213
60700	1748.5543850704562
60800	1751.1830802039476
60900	1753.7817522269324
61000	1756.3945856912178
61100	1758.8674380294397
61200	1761.3515880075865
61300	1763.9002225162112
61400	1766.343162672536
61500	1768.5741468471242
61600	1770.6620099405409
61700	1772.8250503077288
61800	1774.9314084434882
61900	1777.0158173672971
62000	1779.0706772516132
62100	1781.1247619891656
62200	1783.1336408905918
62300	1784.973847371235
62400	1786.806025518512
62500	1788.6158953293925
62600	1790.4702243139036
62700	1792.2295869468944
62800	1794.116594790481
62900	1796.134791927354
63000	1798.0153823823784
63100	1799.8069093908416
63200	1801.627972026472
63300	1803.3574015448685
63400	1805.162478468439
63500	1806.8963316987501
63600	1808.7672882477054
63700	1810.6194660982
63800	1812.3992676347843
63900	1814.1349324153853
64000	1816.048993122764
64100	1818.1249381704838
64200	1820.1420783007052
64300	1822.1866346298484
64400	1824.3022864729865
64500	1826.4163082980667
64600	1828.5109160078573
64700	1830.6812275468837
64800	1832.7969505834626
64900	1835.1146184286918
65000	1837.3418612421374
65100	1839.6010043094866
65200	1841.955210574728
65300	1844.16971438186
65400	1846.3243559760158
65500	1848.499721036118
65600	1850.5982862025849
65700	1852.657254762773
65800	1854.8994065687875
65900	1857.096155632229
66000	1859.1774009031942
66100	1861.0916211406002
66200	1862.9300179483835
66300	1864.775835058943
66400	1866.5410214742878
66500	1868.2662088992656
66600	1869.8897113889107
66700	1871.4433960570022
66800	1872.9869356200797
66900	1874.6687106281752
67000	1876.5505523983156
67100	1878.487582149799
67200	1880.4176505955984
67300	1882.242049132008
67400	1883.982324919023
67500	1885.4692927614087
67600	1886.9501057430753
67700	1888.4057585016708
67800	1889.690220401506
67900	1891.124679573637
68000	1892.629168513522
68100	1893.9288488415186
68200	1895.0924645877094
68300	1896.2250366527587
68400	1897.3389985326212
68500	1898.4155708708568
68600	1899.5473668926861
68700	1900.8529826162849
68800	1902.1257572951727
68900	1903.6048612731392
69000	1904.9142676368356
69100	1906.2620991103468
69200	1907.663832160295
69300	1908.9414757548948
69400	1910.3294626128045
69500	1911.713074475003
69600	1913.1362805012614
69700	1914.4139105427312
69800	1915.7152924000402
69900	1916.9017186388373
70000	1918.165126154432
70100	1919.4405176081345
70200	1920.7928641430335
70300	1922.090886499558
70400	1923.5809458081494
70500	1924.8033379506087
70600	1926.0768608051585
70700	1927.3837491414743
70800	1928.7736323762801
70900	1930.1807059407001
71000	1931.5467330243555
71100	1932.9979486940429
71200	1934.511806787399
71300	1936.1810052160872
71400	1937.645029520383
71500	1939.0571422422654
71600	1940.5963183401618
71700	1942.221542654559
71800	1944.0321777522913
71900	1945.7856472500134
72000	1947.755276857235
72100	1949.5677892828244
72200	1951.4478590329527
72300	1953.1724072318757
72400	1954.906817904499
72500	1956.8772735726088
72600	1958.7779950432014
72700	1960.8013470098376
72800	1963.0996337513207
72900	1965.4454536678968
73000	1967.8449568184442
73100	1970.340103333001
73200	1972.9047914902912
73300	1975.5317938015796
73400	1978.1918740393012
73500	1980.9599533728324
73600	1983.6554984871764
73700	1986.6251021591015
73800	1989.6211669908953
73900	1992.5841977749951
74000	1995.566387579427
74100	1998.5520511049544
74200	2001.5446803254308
74300	2004.531775165
74400	2007.329011873342
74500	2010.0577406868106
74600	2012.784270901524
74700	2015.3607557930518
74800	2017.945643699728
74900	2020.4778615899268
75000	2023.155779984896
75100	2025.9525016687112
75200	2028.829048542364
75300	2031.7055884570582
75400	2034.5765593443066
75500	2037.1626072516665
75600	2039.832497218682
75700	2042.681700565212
75800	2045.5965851155925
75900	2048.2758327440824
76000	2051.0511724148528
76100	2053.7757959758746
76200	2056.6310462218244
76300	2059.488482761837
76400	2062.566190693993
76500	2065.702638498682
76600	2068.7101516110706
76700	2071.7010193815804
76800	2074.6449414026574
76900	2077.4510017054854
77000	2080.348510840442
77100	2083.3384181099245
77200	2086.523964000691
77300	2089.575400213187
77400	2092.691297727113
77500	2095.6338550178334
77600	2098.63239403232
77700	2101.875767673948
77800	2104.992475883395
77900	2107.8902380655636
78000	2110.7231472815038
78100	2113.3947841635672
78200	2116.161820032634
78300	2118.9576740629855
78400	2121.753850821173
78500	2124.697802960349
78600	2127.6532529009855
78700	2130.7265625399887
78800	2134.120903295523
78900	2137.6940870947437
79000	2141.2500413454836
79100	2144.736761269043
79200	2147.9936644349946
79300	2151.186013589555
79400	2154.3094304483384
79500	2157.4176656060154
79600	2160.335001483967
79700	2163.4239601434674
79800	2166.523929298972
79900	2169.6890460808645
80000	2173.0635532607557
80100	2176.349535148707
80200	2179.7280297976104
80300	2183.332237802155
80400	2186.8255723532056
80500	2190.3326242077164
80600	2193.768584188074
80700	2197.3904637600644
80800	2201.0654273265973
80900	2204.571385481686
81000	2207.8731318695936
81100	2211.2953478092095
81200	2214.7288971997914
81300	2218.3052084356314
81400	2221.716904066154
81500	2225.2134996196837
81600	2228.6477086973027
81700	2231.9466603418114
81800	2235.405869104434
81900	2238.7226075640065
82000	2242.0596823300584
82100	2245.2447261300986
82200	2248.348015028867
82300	2251.5610412932
82400	2254.8955043694586
82500	2258.251260837482
82600	2261.3080409322865
82700	2264.42065965198
82800	2267.731717924471
82900	2270.975895376643
83000	2274.327951460553
83100	2277.743161467486
83200	2281.1533671132056
83300	2284.5418022719095
83400	2287.9487309462857
83500	2291.4127940565813
83600	2294.8243460428785
83700	2297.9961517296033
83800	2301.114426782995
83900	2304.3459750434267
84000	2307.528772140795
84100	2310.788205339515
84200	2313.8826093788375
84300	2316.920332033478
84400	2319.919452016067
84500	2322.9767920785816
84600	2326.0573480348103
84700	2329.2254102394218
84800	2332.2181884795427
84900	2335.251372834784
85000	2338.3933947597397
85100	2341.711095828272
85200	2344.968244202202
85300	2348.243895765452
85400	2351.626055976725
85500	2354.916508354014
85600	2358.043717683293
85700	2361.012432488089
85800	2363.8967733093305
85900	2366.817009828519
86000	2369.9288856052444
86100	2373.2060636208626
86200	2376.5416153186234
86300	2379.941575606761
86400	2383.485152309644
86500	2386.849079599313
86600	2390.197530233825
86700	2393.391455583449
86800	2396.6377964995336
86900	2399.969853506773
87000	2403.1983141654055
87100	2406.439332158654
87200	2409.65677690116
87300	2412.7157450883533
87400	2415.809817764617
87500	2418.9623466318008
87600	2422.1487145402934
87700	2425.3747865340556
87800	2428.6023206449463
87900	2431.964051298157
88000	2435.4308294809307
88100	2438.585103286372
88200	2441.935282121587
88300	2445.452849253663
88400	2448.9527259035385
88500	2452.4479025227483
88600	2455.812065538019
88700	2459.3998913872056
88800	2463.034071790229
88900	2466.613901770208
89000	2470.1758380997926
89100	2473.6796176371863
89200	2477.1587301247055
89300	2480.584025218559
89400	2484.152166295855
89500	2487.5320245151524
89600	2490.6467788634473
89700	2493.7733748868923
89800	2496.82570947567
89900	2500.1293704556883
90000	2503.527635788545
90100	2507.1245138407103
90200	2510.5755635056994
90300	2514.1459414892597
90400	2517.7408233782626
90500	2521.2908654045314
90600	2524.7366946431575
90700	2528.254685103777
90800	2531.8736864925595
90900	2535.491255620902
91000	2538.9723387646955
91100	2542.5689885962056
91200	2546.227766750846
91300	2549.8711763135507
91400	2553.5043565572705
91500	2557.0528516951017
91600	2560.8016278528376
91700	2564.530549223826
91800	2568.5215549710556
91900	2572.2791414980893
92000	2575.9252530146623
92100	2579.5845731214504
92200	2583.3921656224993
92300	2587.213082014816
92400	2590.769830108562
92500	2594.3248789823847
92600	2598.0476411545533
92700	2601.635635686398
92800	2605.4228222671663
92900	2609.1804244642844
93000	2612.8339124990744
93100	2616.3605981688015
93200	2619.751400533365
93300	2623.100278925558
93400	2626.43511377339
93500	2629.695768762729
93600	2632.9636433522683
93700	2636.029060870933
93800	2639.1093016234227
93900	2642.0488569102017
94000	2644.9904730487033
94100	2647.913504221011
94200	2650.7947841605637
94300	2653.7688521828386
94400	2656.7325793810887
94500	2659.4138998020208
94600	2662.1542229789775
94700	2665.021565090923
94800	2667.960559080704
94900	2670.878212541633
95000	2673.9130947497906
95100	2676.9737103066873
95200	2680.0597090273513
95300	2683.146711452806
95400	2686.082843455719
95500	2689.23663347424
95600	2692.4142622468644
95700	2695.3698727953597
95800	2698.3643120159395
95900	2701.40593158087
96000	2704.249407959287
96100	2707.3516678528977
96200	2710.593644687091
96300	2713.908724588924
96400	2717.075695340289
96500	2720.0719225142384
96600	2722.9727024174645
96700	2725.7700418664026
96800	2728.3926283452893
96900	2730.9879518959206
97000	2733.575248794863
97100	2736.283683223126
97200	2738.6879371103714
97300	2740.962965715502
97400	2743.2626014822163
97500	2745.332323255425
97600	2747.389083651651
97700	2749.5741692614974
97800	2751.7140938761295
97900	2753.7231003037305
98000	2755.3898341674358
98100	2757.3652117124875
98200	2759.271146238083
98300	2761.273073423421
98400	2763.386169779522
98500	2765.406421619002
98600	2767.3589138240204
98700	2769.1701153613976
98800	2770.7840872983215
98900	2772.6124060430448
99000	2774.3601746108616
99100	2775.9320486534853
99200	2777.32300447108
99300	2778.8493309253827
99400	2780.4304029503255
99500	2782.3169695506804
99600	2784.182832201419
99700	2786.2121267621405
99800	2788.3363549943897
99900	2790.5083091265406
100000	2792.7527253145236
100100	2795.0720508348895
100200	2797.440827607061
100300	2799.83386675932
100400	2802.0225811294513
100500	2804.3956439371104
100600	2806.8307691782247
100700	2809.289175427635
100800	2811.6268760169623
100900	2813.968408823828
101000	2816.290821968578
101100	2818.639231287758
101200	2820.853389671305
101300	2822.992732062179
101400	2825.286740420561
101500	2827.577882455662
101600	2829.8950490356074
101700	2831.989309164055
101800	2833.7833450080943
101900	2835.579014553514
102000	2837.4001234362368
102100	2839.093235319713
102200	2840.6878188786213
102300	2842.3502654209733
102400	2844.0102528522257
102500	2845.6604848206625
102600	2847.363958666858
102700	2848.950764627836
102800	2850.6381868949393
102900	2852.424547929142
103000	2854.2313092823024
103100	2855.8677463033237
103200	2857.476094024896
103300	2859.0534289103816
103400	2860.679069758393
103500	2862.1925113933394
103600	2863.6436760343495
103700	2865.2111386274337
103800	2866.633625749906
103900	2867.7546143200016
104000	2869.0460394551046
104100	2870.7004670508322
104200	2872.3026013780036
104300	2873.7394210279454
104400	2875.0084131082403
104500	2876.2176577852806
104600	2877.307382470579
104700	2878.312733746483
104800	2879.245436110301
104900	2880.054389312165
105000	2880.8847665383364
105100	2881.7110934612574
105200	2882.508375595731
105300	2883.419615874649
105400	2884.3983304869034
105500	2885.199536141008
105600	2886.237495348614
105700	2887.236086276069
105800	2888.128011942259
105900	2889.1496482868097
106000	2890.073877186689
106100	2890.9746235566563
106200	2892.0716405130806
106300	2893.327980286267
106400	2894.577403599629
106500	2896.1033501040074
106600	2897.628694816958
106700	2899.2329819009756
106800	2900.7759984511067
106900	2902.6116339709843
107000	2904.2338969238335
107100	2905.8788272358943
107200	2907.6745124966255
107300	2909.500805467018
107400	2911.492735112144
107500	2913.7192135750083
107600	2915.9044115444995
107700	2917.964222484152
107800	2919.9138311212882
107900	2921.9932413580245
108000	2924.066089315689
108100	2926.1060095626744
108200	2928.0189469656325
108300	2929.8390756585286
108400	2931.481045795197
108500	2933.235244360112
108600	2935.5101290830644
108700	2937.6546757289907
108800	2939.513565512141
108900	2941.3100461378344
109000	2943.0856013216544
109100	2944.6241959646577
109200	2946.1516011109925
109300	2948.1151174436673
109400	2950.0253304418875
109500	2951.8111392848077
109600	2953.38383529929
109700	2954.563158894074
109800	2955.6856155580026
109900	2956.8919607549324
110000	2958.084042792965
110100	2959.1840808523702
110200	2960.2438456457458
110300	2961.249748967646
110400	2962.1864252357045
110500	2963.1513079832075
110600	2963.883941512613
110700	2964.6316423913813
110800	2965.474515737209
110900	2966.0469839485595
111000	2966.561063662346
111100	2967.2153933779337
111200	2967.809978417994
111300	2968.4278075936018
111400	2969.1686863465584
111500	2970.3190506428946
111600	2971.6173938118736
111700	2972.7644610482967
111800	2973.9777019391768
111900	2974.8941862803767
112000	2975.9625419811346
112100	2977.007973403379
112200	2978.1763768969104
112300	2979.324870802171
112400	2980.4451197321177
112500	2981.206585073902
112600	2982.4032281896216
112700	2983.5058855656534
112800	2984.462491221726
112900	2985.836024754506
113000	2987.297797735606
113100	2988.6116396914003
113200	2989.9515262271743
113300	2991.2532919072546
113400	2992.781825502345
113500	2994.219928557577
113600	2995.7488702533883
113700	2996.8284834776423
113800	2998.1382823673775
113900	2999.610901688866
114000	3001.2004693839117
114100	3002.674423127435
114200	3004.37833710626
114300	3006.1716296651866
114400	3008.1386386845843
114500	3010.277950932097
114600	3012.3079642266966
114700	3014.6404765129555
114800	3016.7798938833876
114900	3018.9568135228474
115000	3021.1459940799396
115100	3022.98174345179
115200	3024.431821325212
115300	3025.9697877701838
115400	3027.49253550556
115500	3028.907673214155
115600	3030.104996334063
115700	3031.7099668856245
115800	3033.27942512749
115900	3034.4541431305697
116000	3035.568793710321
116100	3036.498155975656
116200	3037.2126156043378
116300	3037.844583962753
116400	3038.476033173036
116500	3039.247629917634
116600	3039.880903304729
116700	3040.588970257435
116800	3041.3654381302767
116900	3042.36547315435
117000	3043.6211851172848
117100	3044.9585188936326
117200	3046.3318665836705
117300	3048.0243317607674
117400	3049.9178948982153
117500	3051.5586595060304
117600	3053.2371531081735
117700	3054.968433856149
117800	3056.487904176349
117900	3058.1431564356317
118000	3059.917150956462
118100	3061.847974292701
118200	3063.594108977937
118300	3065.3171845020843
118400	3066.9268245488056
118500	3068.7451338075916
118600	3070.5261235273792
118700	3072.235157924297
118800	3074.2645461421926
118900	3076.263548700139
119000	3078.1611319176154
119100	3080.1433389171143
119200	3082.0318433360662
119300	3083.957080206601
119400	3085.8807571111247
119500	3087.7187588220113
119600	3089.787880979944
119700	3092.0468462610734
119800	3094.2406786832144
119900	3096.199839759036
120000	3098.1254567721044
120100	3100.1670872020186
120200	3102.1300587584847
120300	3104.222960243991
120400	3106.0037224068074
120500	3107.890886451467
120600	3109.780451578379
120700	3111.718700847123
120800	3113.899142299313
120900	3116.1194898089743
121000	3118.45601962402
121100	3120.714882006403
121200	3122.728429364972
121300	3124.7994768201606
121400	3127.0586483502993
121500	3129.308479833824
121600	3131.5091832467588
121700	3134.0381355686113
121800	3136.461373463506
121900	3138.614611701574
122000	3140.710093803471
122100	3142.7755527156405
122200	3145.075360154442
122300	3147.6261541185086
122400	3150.0736544654355
122500	3152.4062886001775
122600	3154.57904983731
122700	3156.891032330983
122800	3159.601328861434
122900	3162.1563464140054
123000	3164.605740778381
123100	3166.7941423495067
123200	3168.8051197788445
123300	3170.8400160245365
123400	3172.9290736429393
123500	3175.188769889006
123600	3177.857321969932
123700	3180.515643411549
123800	3183.424017166195
123900	3186.3638014072203
124000	3189.274421102542
124100	3191.8885160600767
124200	3194.4081322522834
124300	3196.813742189028
124400	3199.1969721508212
124500	3201.6433787082206
124600	3204.0078317828593
124700	3206.634897921118
124800	3209.5730875285226
124900	3212.7165617266437
125000	3215.8573869128595
125100	3219.1802576069604
125200	3222.5355624750955
125300	3225.9222983940854
125400	3229.189384048106
125500	3232.5562922840472
125600	3236.0272371624014
125700	3239.611584800936
125800	3242.6784947719425
125900	3245.8573520077043
126000	3248.865330893488
126100	3251.9406227435684
126200	3254.9311567620025
126300	3257.9481021277606
126400	3260.7733503177296
126500	3263.352174095693
126600	3265.6202358978335
126700	3268.15859180002
126800	3270.741467204236
126900	3273.1963729400304
127000	3275.356613470067
127100	3277.153736896289
127200	3278.973107245285
127300	3280.691559726605
127400	3282.6931081109215
127500	3284.9322715624003
127600	3287.3031078785425
127700	3289.647408410965
127800	3292.0591316965874
127900	3294.4018346845987
128000	3296.8167595235864
128100	3299.2186863677343
128200	3301.7717887012986
128300	3304.3353609560872
128400	3306.96526004764
128500	3309.7970447566477
128600	3312.8723437793087
128700	3315.991530388128
128800	3319.1430091923103
128900	3322.4400744909653
129000	3325.7041813251562
129100	3329.142837099149
129200	3332.4166128366487
129300	3335.8278224923997
129400	3339.1938623119495
129500	3342.658520114899
129600	3346.1985425029998
129700	3349.8174446215853
129800	3353.7292166331317
129900	3357.9896036931314
130000	3362.074654609547
130100	3366.3630440453417
130200	3370.589896796737
130300	3374.902874121908
130400	3378.886686631595
130500	3382.7530012329225
130600	3386.842206755304
130700	3390.8683636146015
130800	3394.888176071807
130900	3398.555231800594
131000	3402.2975857482525
131100	3405.8144925845554
131200	3409.2169879498542
131300	3412.7856609068695
131400	3415.841584648879
131500	3418.9548248520587
131600	3422.2275784662343
131700	3425.38714079035
131800	3428.7003979887813
131900	3432.1390858585364
132000	3435.2315963406
132100	3438.1386008616537
132200	3440.9685635879287
132300	3443.5070343173575
132400	3445.6865700988565
132500	3447.6474155921023
132600	3450.108256640553
132700	3452.77989321982
132800	3455.635415228957
132900	3458.1674023611704
133000	3460.603164498578
133100	3462.9845492605236
133200	3465.233563924092
133300	3467.239899425127
133400	3469.164301730285
133500	3471.258983467531
133600	3473.627672023489
133700	3476.033684044145
133800	3478.3608871295
133900	3480.5325004690094
134000	3482.5261773552047
134100	3484.240373014938
134200	3485.961847172177
134300	3487.4793268058565
134400	3489.3731575678103
134500	3491.1236513968906
134600	3492.9603761059116
134700	3494.5595785403857
134800	3496.0325944211218
134900	3497.55565268622
135000	3498.9264115787228
135100	3500.263425197394
135200	3501.353754934622
135300	3502.502251115686
135400	3503.6292675534496
135500	3504.990771982528
135600	3506.3466577162617
135700	3507.984139780223
135800	3509.5038265949697
135900	3511.4132383330725
136000	3513.299914882984
136100	3515.5470019794884
136200	3517.802808668639
136300	3520.1545226907474
136400	3522.1261657375144
136500	3523.8724294523126
136600	3526.0155660115415
136700	3528.1268940647133
136800	3530.1001355590997
136900	3532.171835978108
137000	3534.0307347931084
137100	3535.9086478021345
137200	3537.329686871497
137300	3538.750986552972
137400	3539.880352848035
137500	3540.6062213340774
137600	3541.284968619235
137700	3541.449183425575
137800	3541.4000239411835
137900	3541.030003469903
138000	3540.245282532589
138100	3539.4455274319625
138200	3538.3584159273887
138300	3537.2910094824038
138400	3536.2409300433937
138500	3534.877287198091
138600	3533.030340713507
138700	3531.0586520411307
138800	3528.933095301967
138900	3527.099490075605
139000	3524.85892137239
139100	3522.406568511098
139200	3520.0386326998705
139300	3517.576303841721
139400	3515.0422915244126
139500	3512.550722021435
139600	3510.3360921553685
139700	3507.9373916453915
139800	3505.099474468152
139900	3502.4235775392153
140000	3499.70565035491
140100	3497.283523703285
140200	3494.8529589609243
140300	3492.4105057647685
140400	3489.985968030931
140500	3487.444861489872
140600	3485.1934507509577
140700	3483.2550899806083
140800	3481.2652952161734
140900	3479.2471982517163
141000	3477.569311788655
141100	3475.582582312112
141200	3473.8917717328295
141300	3472.433474003803
141400	3471.036668257322
141500	3469.974596175947
141600	3468.710782545386
141700	3467.574410272704
141800	3466.709374608239
141900	3465.6517104094964
142000	3464.7563101393753
142100	3463.922158491332
142200	3462.7832688468625
142300	3461.4795508497627
142400	3460.0864112259005
142500	3458.9096099451417
142600	3457.4712521730107
142700	3456.2067873040796
142800	3454.81542371487
142900	3453.343388585956
143000	3452.0854069183697
143100	3450.380104109412
143200	3448.729175131477
143300	3447.2115006535314
143400	3445.362759434618
143500	3443.0127313422854
143600	3440.9324064849643
143700	3438.656671103905
143800	3436.712310021394
143900	3435.0296673863777
144000	3433.5054778832127
144100	3431.872112655721
144200	3430.4316938992124
144300	3429.049215649953
144400	3427.865386666381
144500	3426.6202492342563
144600	3425.4594160635606
144700	3424.204213612771
144800	3422.8049701446434
144900	3421.532823110232
145000	3420.288896445185
145100	3419.6066390718333
145200	3418.7755013658316
145300	3417.6882582148537
145400	3416.575889384141
145500	3415.443919019017
145600	3414.5077591156587
145700	3413.741972564778
145800	3413.985629561066
145900	3414.3243803923833
146000	3414.761641408375
146100	3415.3612208314007
146200	3416.5025283842115
146300	3417.7434768742532
146400	3418.844684072188
146500	3420.110662549152
146600	3421.309295991843
146700	3422.5437553296215
146800	3423.8110753998044
146900	3425.280178686022
147000	3426.7118003112846
147100	3428.287953833351
147200	3429.917211027583
147300	3431.8937247756985
147400	3433.666628346662
147500	3435.698105616204
147600	3437.388208054879
147700	3439.2917236596113
147800	3441.2059855212574
147900	3443.1033597126952
148000	3445.2543835855904
148100	3447.2224089460215
148200	3449.291349803505
148300	3451.088039606577
148400	3452.728623583389
148500	3454.2792177370866
148600	3455.7653509544325
148700	3457.5047052190057
148800	3459.1878662959207
148900	3460.7643341925577
149000	3462.4946297902497
149100	3464.282566702983
149200	3465.8090204147156
149300	3467.3172568661394
149400	3468.9583552082186
149500	3470.610240066191
149600	3472.7733574127196
149700	3474.3521349786315
149800	3476.1485703019425
149900	3477.772521115083
150000	3479.869070797635
150100	3481.882791030279
150200	3483.6710417490103
150300	3485.6199565342977
150400	3487.426946141466
150500	3489.3736091633327
150600	3491.459691410535
150700	3493.6014598577167
150800	3496.028295915399
150900	3498.341872132616
151000	3500.344574041257
151100	3502.687076263246
151200	3504.93963408086
151300	3506.9694714577054
151400	3509.1920438401867
151500	3511.5946551241796
151600	3514.0514775397023
151700	3516.390774327214
151800	3518.768268242071
151900	3521.408195424301
152000	3524.3114573879866
152100	3527.056186248199
152200	3529.6701006228686
152300	3532.288983018545
152400	3534.9349744047504
152500	3537.8049842586624
152600	3541.009741257876
152700	3544.765287249931
152800	3548.2180491203326
152900	3551.7804964637035
153000	3555.3864540171344
153100	3558.566900804639
153200	3562.2613855903037
153300	3565.9313460955163
153400	3569.4966335138306
153500	3572.529441744613
153600	3575.3593969600042
153700	3577.9404785591178
153800	3580.385835937632
153900	3582.551263019326
154000	3584.476242194476
154100	3586.1107432921417
154200	3587.921265204437
154300	3589.946360969101
154400	3592.342754923564
154500	3594.651737871289
154600	3596.6206578025594
154700	3598.6899540592567
154800	3600.8530962647055
154900	3602.774609312648
155000	3604.6106986657833
155100	3606.6283061586437
155200	3608.9396542885806
155300	3611.109014831891
155400	3613.7677796843927
155500	3616.5650058387546
155600	3619.4953220622847
155700	3622.4492771881633
155800	3625.666555920441
155900	3628.65311681974
156000	3631.6639630230493
156100	3634.762074619299
156200	3637.43443308922
156300	3640.133021595422
156400	3642.7204487925046
156500	3645.1694282734534
156600	3647.4442436240497
156700	3649.7366255653324
156800	3651.8062226449256
156900	3653.7971266477834
157000	3655.773300333123
157100	3657.295757072454
157200	3658.455738415767
157300	3659.4729030768503
157400	3660.7387863637996
157500	3661.703946152469
157600	3662.570056302182
157700	3663.6048513996648
157800	3664.937523620436
157900	3666.6149746800656
158000	3668.0571884281235
158100	3669.7850231918273
158200	3671.4683978119865
158300	3673.4635306582786
158400	3675.1005371503998
158500	3677.289859387616
158600	3679.529876994493
158700	3682.007907938445
158800	3684.8189101268654
158900	3687.2071300779353
159000	3689.695188020123
159100	3692.0356679200777
159200	3694.0203844922944
159300	3695.874238946999
159400	3697.9694284062716
159500	3700.359431062476
159600	3702.9629150133696
159700	3705.112815825967
159800	3707.1636389865307
159900	3709.137118812534
160000	3711.3771313365432
160100	3713.8821425907663
160200	3716.1957847181475
160300	3718.2642520150403
160400	3720.60447538452
160500	3722.8838166625355
160600	3724.8211360917194
160700	3726.7211565618054
160800	3727.943545981834
160900	3728.9874981054454
161000	3730.524975816312
161100	3732.238148088916
161200	3733.997271726723
161300	3735.46932175837
161400	3737.07293468609
161500	3738.652448132343
161600	3740.475155647204
161700	3742.790241504612
161800	3745.6345987742534
161900	3748.5977400742704
162000	3751.6441134377383
162100	3754.5967723614303
162200	3757.606614953489
162300	3760.712425699574
162400	3764.1068699576426
162500	3767.3869593816344
162600	3770.199947702582
162700	3773.1931150201126
162800	3775.8297529476113
162900	3778.361769482959
163000	3780.941199093184
163100	3783.8968591410667
163200	3786.995772682014
163300	3790.0680123546626
163400	3793.6591436796007
163500	3796.9291487956652
163600	3799.69812618196
163700	3802.781651637517
163800	3805.3597071419354
163900	3808.4426718404866
164000	3811.425720361178
164100	3814.410150133481
164200	3817.3113117794855
164300	3820.4690656577586
164400	3823.3349561089417
164500	3826.847832072468
164600	3830.82886684197
164700	3834.974143569707
164800	3839.314110574953
164900	3844.232616820431
165000	3849.2050231356407
165100	3854.0554379212554
165200	3859.2627754936693
165300	3865.047711494495
165400	3870.504771666019
165500	3875.619009411428
165600	3880.7507591860485
165700	3885.5684364379267
165800	3890.4454737752094
165900	3895.584790687368
166000	3900.782264469948
166100	3905.833857401565
166200	3911.109155874583
166300	3916.4668641610187
166400	3922.0988960440154
166500	3927.259963344666
166600	3932.3286521260743
166700	3937.437963708304
166800	3942.687937786395
166900	3948.182031108474
167000	3953.845374810393
167100	3959.6199866728275
167200	3965.696341610397
167300	3971.753455750353
167400	3977.6021298484993
167500	3983.805047353788
167600	3989.90444591688
167700	3995.8722861752613
167800	4002.297046083666
167900	4008.5503355945693
168000	4015.0420598718338
168100	4021.493026796903
168200	4027.481188124162
168300	4033.141322746349
168400	4038.54361128225
168500	4044.056947077799
168600	4049.2150762102683
168700	4054.2870092766825
168800	4059.302978985419
168900	4063.8190825980273
169000	4068.2928204819327
169100	4073.1947545688017
169200	4078.316408786224
169300	4083.3494068012806
169400	4087.857757086167
169500	4092.5506631000317
169600	4097.26950906351
169700	4101.733051643125
169800	4106.600385329279
169900	4111.918250243762
170000	4117.355362328526
170100	4123.054484659573
170200	4129.0422289712005
170300	4134.947250708705
170400	4140.821625245793
170500	4146.752966122935
170600	4153.093127738452
170700	4159.129047174414
170800	4165.516908044869
170900	4171.914000947494
171000	4178.598135687353
171100	4185.096004232764
171200	4191.5450112322
171300	4198.411374699499
171400	4205.513155550172
171500	4212.803144533478
171600	4219.911571722652
171700	4227.717123295297
171800	4235.723676289606
171900	4243.686104681925
172000	4252.068590744922
172100	4260.276448138349
172200	4268.322419076983
172300	4276.455516529561
172400	4284.708743945579
172500	4292.721426372533
172600	4301.180894441321
172700	4310.071160504362
172800	4319.099385713576
172900	4328.207005277858
173000	4337.462106677063
173100	4346.976421792526
173200	4356.507822690939
173300	4366.239618091611
173400	4375.8276091192965
173500	4385.384885390755
173600	4395.0833185066585
173700	4404.802369967103
173800	4414.489330092387
173900	4423.951914339908
174000	4433.890170248924
174100	4443.921037846245
174200	4454.159818062384
174300	4464.416761846456
174400	4474.649734996841
174500	4484.754296493542
174600	4494.6378955737455
174700	4504.298477889388
174800	4513.828848734207
174900	4523.74398207583
175000	4533.960859589104
175100	4544.570267365954
175200	4555.391579505173
175300	4566.636416251247
175400	4577.76180698286
175500	4588.930600187916
175600	4599.691856208083
175700	4610.6347717999015
175800	4621.669422238483
175900	4632.046552943939
176000	4642.6923279037
176100	4653.989080402011
176200	4665.3959571869345
176300	4676.393989580509
176400	4686.692060101486
176500	4697.155674973386
176600	4707.7870398449595
176700	4718.159758635331
176800	4728.4848427170655
176900	4739.3505889654625
177000	4750.702350168489
177100	4761.863692693354
177200	4772.892186649551
177300	4783.9959978974075
177400	4794.750939972291
177500	4805.889304563345
177600	4816.787088901736
177700	4827.742503954796
177800	4838.805153526191
177900	4849.387324952986
178000	4859.961412410194
178100	4870.335233397607
178200	4880.611669951468
178300	4890.970337722334
178400	4901.037196353427
178500	4911.394893439312
178600	4921.834072871483
178700	4932.520875914895
178800	4942.66549626604
178900	4952.755737107713
179000	4963.237276485248
179100	4973.566770054516
179200	4983.93225911312
179300	4994.788975914649
179400	5005.430444722937
179500	5016.481853631383
179600	5027.64842797193
179700	5039.121533078956
179800	5050.181992297119
179900	5061.350424917939
180000	5072.636638587865
180100	5084.121620264195
180200	5095.711443820968
180300	5107.44653603941
180400	5119.699708742788
180500	5132.046009404992
180600	5144.210526921961
180700	5156.307611224416
180800	5168.222277577326
180900	5180.3201785964775
181000	5192.120088827447
181100	5204.7246196938795
181200	5217.652584989613
181300	5230.367349019041
181400	5242.718818572001
181500	5254.822101553378
181600	5267.225039885903
181700	5279.418779770494
181800	5291.149973496387
181900	5302.650730244815
182000	5313.665706316417
182100	5324.203642694512
182200	5335.184084024862
182300	5346.33988896996
182400	5357.863600517972
182500	5368.975627070817
182600	5380.7095017362735
182700	5392.95159596001
182800	5405.087806838041
182900	5417.304283475911
183000	5429.104949905071
183100	5440.819241735619
183200	5453.050217583193
183300	5465.511299667356
183400	5478.268282848643
183500	5491.076405999891
183600	5503.805325493682
183700	5516.645636274421
183800	5529.4821869214065
183900	5542.091663776722
184000	5555.027879980276
184100	5567.893113303755
184200	5580.4573954534135
184300	5593.316471646016
184400	5605.745671794226
184500	5618.266362266615
184600	5630.917768462852
184700	5643.557152656547
184800	5656.376067942183
184900	5669.696143987356
185000	5682.78578401258
185100	5695.731296607119
185200	5708.435876927397
185300	5721.113354676112
185400	5734.324839719047
185500	5747.560895601346
185600	5760.8540020653745
185700	5774.504018100037
185800	5788.71045605588
185900	5802.640288208553
186000	5816.580122162704
186100	5830.198330634506
186200	5843.860419225821
186300	5857.5360565535375
186400	5871.134150558326
186500	5884.7548060190165
186600	5897.907215336047
186700	5911.356506766169
186800	5924.957939848944
186900	5938.674073636881
187000	5952.334344292991
187100	5965.9833695323905
187200	5979.094619081647
187300	5992.268975799147
187400	6006.483344681386
187500	6020.876954396081
187600	6035.186459844641
187700	6049.531192673137
187800	6063.8008523146855
187900	6077.941194115381
188000	6092.410434601072
188100	6106.65767521353
188200	6121.110214694636
188300	6135.401039166143
188400	6149.368468246714
188500	6163.244865215209
188600	6177.361018743599
188700	6191.229334791889
188800	6205.00596320309
188900	6218.402765890991
189000	6231.900118175545
189100	6245.439392360335
189200	6258.995598516718
189300	6272.423997509235
189400	6286.098318342061
189500	6300.018172718235
189600	6314.108007876843
189700	6327.719455389306
189800	6340.942634193692
189900	6353.672195913619
190000	6366.4534440681455
190100	6379.39348437154
190200	6392.120103292691
190300	6405.022434533283
190400	6417.830341713328
190500	6430.759834889788
190600	6443.519781876006
190700	6455.99066909228
190800	6468.331264163193
190900	6480.228338238143
191000	6491.775958933169
191100	6503.617492553429
191200	6515.188133729855
191300	6527.393300967815
191400	6539.4222648664145
191500	6552.119070141576
191600	6565.366515202739
191700	6578.459354982595
191800	6591.316918127355
191900	6604.092286146071
192000	6616.637158190017
192100	6628.590273160313
192200	6641.104552171775
192300	6653.866668779927
192400	6667.4010879840935
192500	6680.712005521054
192600	6694.550504972576
192700	6707.959440589359
192800	6721.657694871537
192900	6735.130132270744
193000	6748.7881071430165
193100	6762.24584300135
193200	6775.916095506458
193300	6789.808918136929
193400	6803.6897783397
193500	6817.846855228243
193600	6831.992595154326
193700	6845.772033558867
193800	6859.4305819152505
193900	6872.844000305689
194000	6886.871961977216
194100	6900.767657757446
194200	6914.434423368948
194300	6928.325947069505
194400	6942.48161273927
194500	6957.077379871276
194600	6971.9786590758595
194700	6987.407338324818
194800	7002.074682468548
194900	7016.559126183565
195000	7030.729921151011
195100	7044.663782398915
195200	7058.384243495588
195300	7072.103592172905
195400	7085.7414927266655
195500	7099.041686420387
195600	7112.639147494629
195700	7126.654570265324
195800	7141.121610661969
195900	7155.471752567682
196000	7169.833575046738
196100	7183.825770923519
196200	7197.408585775411
196300	7210.24651975208
196400	7223.755089777056
196500	7236.728987665963
196600	7249.4226653283695
196700	7261.937490098819
196800	7273.881263683375
196900	7286.096676069021
197000	7298.5539726243005
197100	7311.087104286533
197200	7324.170688638289
197300	7337.247483394924
197400	7350.103884170065
197500	7364.078325822076
197600	7377.817002547556
197700	7392.12561688089
197800	7406.633444863197
197900	7420.549436123052
198000	7434.61322840408
198100	7449.109967298107
198200	7462.677512053924
198300	7477.516546180937
198400	7492.261049703986
198500	7506.926054646261
198600	7521.764078056382
198700	7536.1140286849695
198800	7550.501670909929
198900	7565.115498648549
199000	7580.115547157067
199100	7595.6911110985675
199200	7611.153444228228
199300	7626.857413608348
199400	7642.93844082742
199500	7659.229752033541
199600	7675.763340234815
199700	7692.84477493132
199800	7709.441462376097
199900	7726.028167143988
200000	7742.588302119926
200100	7759.020003210113
200200	7775.4467575742165
200300	7791.679213334399
200400	7809.27218059398
200500	7826.443881286832
200600	7844.010691026924
200700	7861.81228585128
200800	7878.940030507103
200900	7895.739013852028
201000	7912.841546547308
201100	7930.510846222693
201200	7948.876229646383
201300	7967.69290066621
201400	7987.354554899677
201500	8007.14323875634
201600	8026.995808213833
201700	8046.982758598344
201800	8067.200665615383
201900	8087.7899340221775
202000	8108.597495267924
202100	8130.209961280983
202200	8151.786713732814
202300	8173.6334127161535
202400	8196.128188872652
202500	8218.424855749647
202600	8240.487290829362
202700	8262.508436606324
202800	8283.816947495448
202900	8304.383084063767
203000	8325.691018545243
203100	8346.581277908
203200	8367.208395810914
203300	8388.049569341121
203400	8408.283017471607
203500	8429.10996180342
203600	8450.458540084888
203700	8471.754254307132
203800	8493.96371867985
203900	8515.927907113626
204000	8538.52119179559
204100	8561.12699226552
204200	8582.8455616383
204300	8604.822026626847
204400	8626.61806021689
204500	8649.405746650358
204600	8672.463071087026
204700	8695.032713727851
204800	8717.198384284507
204900	8738.978969908843
205000	8759.777171060792
205100	8780.794647811912
205200	8801.691598136793
205300	8821.81963866693
205400	8841.668319271528
205500	8861.526427808043
205600	8881.920722896408
205700	8901.821594185662
205800	8922.3003607617
205900	8942.681892832741
206000	8962.855337787536
206100	8983.501099552203
206200	9005.076036552317
206300	9027.023292003316
206400	9048.840434896876
206500	9070.577440606488
206600	9092.593897491577
206700	9115.09660917084
206800	9137.749682651425
206900	9160.04341538297
207000	9182.045574925607
207100	9204.62374656141
207200	9227.005623276462
207300	9249.117653897672
207400	9271.935196071281
207500	9294.52643322153
207600	9316.69843320077
207700	9337.625415330811
207800	9357.07187585329
207900	9376.537105300114
208000	9396.33847526525
208100	9415.695548409363
208200	9435.818704537873
208300	9455.459711044736
208400	9474.827820269973
208500	9495.02540283266
208600	9515.33812668419
208700	9535.467961467046
208800	9555.851794889313
208900	9576.041253818956
209000	9595.678268859978
209100	9615.354882468586
209200	9634.250899347942
209300	9652.861086860008
209400	9671.672414081753
209500	9690.309566162468
209600	9709.880554437812
209700	9728.997191790782
209800	9749.265928506735
209900	9770.621409391635
210000	9791.144441401237
210100	9810.713151511736
210200	9830.414385504904
210300	9850.621902258776
210400	9871.13770408131
210500	9890.465985849441
210600	9910.46186343074
210700	9929.972532436368
210800	9949.645375542284
210900	9968.597332362842
211000	9987.192726972804
211100	10004.1302449918
211200	10021.641485315515
211300	10039.25183871243
211400	10057.855543741782
211500	10077.859891752945
211600	10097.404490329092
211700	10115.951083847787
211800	10134.143207601563
211900	10152.394741673139
212000	10170.171164800704
212100	10187.75029712217
212200	10205.626321800344
212300	10223.679956032778
212400	10241.351958562736
212500	10259.479445056233
212600	10278.00623542833
212700	10296.221601127705
212800	10314.469900898577
212900	10332.488001357298
213000	10350.918507332855
213100	10368.462861062726
213200	10384.661237732042
213300	10400.638545064488
213400	10416.787384017196
213500	10432.1840032115
213600	10447.140373769857
213700	10462.321230176429
213800	10477.095288836455
213900	10492.430562931753
214000	10508.156496238313
214100	10522.66952527198
214200	10535.973219381936
214300	10549.002009091375
214400	10562.31576412177
214500	10576.12663344579
214600	10590.092504008557
214700	10604.24705387192
214800	10618.332785657782
214900	10633.26696038706
215000	10647.257812446565
215100	10661.741945490125
215200	10675.480820609373
215300	10688.228731508716
215400	10701.179170253396
215500	10713.496547362127
215600	10726.768454486039
215700	10740.604638282675
215800	10752.92068095383
215900	10766.788304807444
216000	10780.74005281867
216100	10793.617471884703
216200	10806.272247381741
216300	10818.919740852842
216400	10830.90313129581
216500	10843.76244071935
216600	10855.170291629911
216700	10865.000589721953
216800	10874.335246568662
216900	10884.483563948947
217000	10894.06286710652
217100	10904.281546556915
217200	10914.74337996397
217300	10925.536833174992
217400	10936.121541508299
217500	10947.732151860197
217600	10958.797401841439
217700	10971.632206901151
217800	10984.884712807368
217900	10997.49027536664
218000	11010.155133152031
218100	11022.352003730426
218200	11033.898046578863
218300	11045.618227234227
218400	11057.676925357897
218500	11069.544819400471
218600	11082.904175676114
218700	11097.191117106762
218800	11110.60603132
218900	11124.664380114118
219000	11138.967834943614
219100	11153.77077264816
219200	11166.982523158425
219300	11181.664227569592
219400	11195.167228867067
219500	11208.144646551518
219600	11221.134224995272
219700	11232.56350292574
219800	11243.77644910256
219900	11254.532932392787
220000	11263.63712341775
220100	11272.879458986747
220200	11281.907772995823
220300	11291.445196536719
220400	11300.37418281578
220500	11311.065206029918
220600	11321.632392051397
220700	11332.779786087514
220800	11345.305393591581
220900	11356.670635636605
221000	11368.972190837027
221100	11380.372921059083
221200	11389.903287762252
221300	11400.580771144887
221400	11410.188252431457
221500	11419.588338906295
221600	11429.31338852417
221700	11437.326665341854
221800	11445.574009731587
221900	11455.485527494573
222000	11464.945513607643
222100	11474.18337799405
222200	11483.289812787785
222300	11490.786575898877
222400	11498.026270569186
222500	11507.434427043481
222600	11517.476795251132
222700	11527.300233269983
222800	11534.99098433135
222900	11543.594824379135
223000	11551.409714697453
223100	11557.401756302104
223200	11564.263750672748
223300	11571.893128104275
223400	11580.142577524995
223500	11588.474622325739
223600	11596.131735608855
223700	11604.81046050496
223800	11611.184060839587
223900	11617.080064049864
224000	11622.594590666355
224100	11626.503852101625
224200	11630.023943763576
224300	11634.253254798066
224400	11637.43295762915
224500	11640.721945847268
224600	11641.598480191838
224700	11643.349599716079
224800	11643.72146109608
224900	11643.262777883909
225000	11643.729386404797
225100	11642.91118328768
225200	11640.532417007955
225300	11639.538775119814
225400	11639.337539347354
225500	11637.765575835307
225600	11635.32658806449
225700	11632.43410147971
225800	11627.46186323557
225900	11624.01992378966
226000	11620.563126620487
226100	11616.247844901052
226200	11611.32772495813
226300	11604.46720872703
226400	11596.240018139943
226500	11588.298175466829
226600	11579.116713944008
226700	11570.56672057457
226800	11562.108452450542
226900	11557.34117028315
227000	11553.48281034833
227100	11547.94779757486
227200	11540.811279685586
227300	11535.771902850887
227400	11529.6163305933
227500	11523.568690833694
227600	11513.974807637569
227700	11504.074130883208
227800	11493.247981793655
227900	11484.413411093934
228000	11475.686505334452
228100	11467.040052937926
228200	11461.567814146169
228300	11456.15571204765
228400	11449.476416145626
228500	11444.679082750343
228600	11441.17612964136
228700	11438.192596785957
228800	11437.47764766385
228900	11437.239122828702
229000	11433.476477226184
229100	11431.453442830418
229200	11427.022749616473
229300	11423.526144088304
229400	11420.593165410159
229500	11417.535451291653
229600	11414.368049382465
229700	11408.278660319222
229800	11404.88379101135
229900	11399.367099179479
230000	11391.89040711167
230100	11383.346238295606
230200	11375.703032449179
230300	11364.953536985617
230400	11354.185518753366
230500	11341.668826091394
230600	11330.246581735671
230700	11320.05340220622
230800	11310.162412404432
230900	11300.97372541728
231000	11294.071674750885
231100	11287.373207328026
231200	11280.12958359759
231300	11271.464597932994
231400	11264.089644165826
231500	11260.127942258609
231600	11253.478555977345
231700	11245.614077707985
231800	11238.542948403512
231900	11230.648636962054
232000	11223.206503201916
232100	11218.108765892568
232200	11213.046984592977
232300	11206.263672134955
232400	11199.434677557554
232500	11191.798109429015
232600	11185.645686647797
232700	11179.50888631487
232800	11177.420874262229
232900	11176.386850673473
233000	11175.153522075037
233100	11178.321376074164
233200	11179.504231541185
233300	11179.042298506945
233400	11179.940476810967
233500	11179.41319273226
233600	11179.522903107398
233700	11181.057275786356
233800	11186.601967089344
233900	11192.534675796633
234000	11199.340286527644
234100	11207.634272114723
234200	11220.099808040075
234300	11232.698915219342
234400	11245.457179457764
234500	11256.835907954432
234600	11268.287900101102
234700	11281.50454125955
234800	11297.588145397196
234900	11317.92146733217
235000	11337.24172876298
235100	11354.251634672284
235200	11370.41713660874
235300	11388.377034719917
235400	11408.463529500703
235500	11429.856928503956
235600	11450.103260422999
235700	11472.213089223194
235800	11493.189656896284
235900	11509.246016202087
236000	11522.48709311348
236100	11537.26088211115
236200	11551.969874793896
236300	11568.065732091782
236400	11588.092027241888
236500	11605.194986473012
236600	11622.975153852312
236700	11640.329417606641
236800	11656.124718051171
236900	11670.337763251853
237000	11684.488491001888
237100	11699.680829852703
237200	11716.220941229432
237300	11735.720534275984
237400	11753.397093518812
237500	11772.2605745896
237600	11790.911086107139
237700	11809.505141960515
237800	11832.36450537655
237900	11857.08500073821
238000	11880.404159785656
238100	11901.590846186562
238200	11919.356713451503
238300	11933.071081166738
238400	11949.204017635086
238500	11966.232498577272
238600	11982.487789676175
238700	11997.818508564727
238800	12012.778144592012
238900	12029.857694959792
239000	12048.156960415188
239100	12063.65077178966
239200	12078.549118168768
239300	12095.658075549523
239400	12115.83768573578
239500	12131.79590540583
239600	12144.137193102622
239700	12156.640429310617
239800	12167.514151329175
239900	12168.860309927724
240000	12171.021529007121
240100	12171.749121886853
240200	12174.716432688292
240300	12178.513839576743
240400	12179.077540847531
240500	12181.61434619868
240600	12180.585318412515
240700	12174.674588444177
240800	12173.220201549935
240900	12170.431853867718
241000	12165.842215508688
241100	12163.402374284167
241200	12159.770323818491
241300	12157.005586532294
241400	12155.751895011519
241500	12156.30753512634
241600	12148.353974151367
241700	12143.132423671661
241800	12140.503589927219
241900	12135.942790316767
242000	12128.908986372699
242100	12118.391726210888
242200	12108.494100873766
242300	12104.468813972548
242400	12098.828183615231
242500	12094.597413985524
242600	12086.135895568703
242700	12073.121988224739
242800	12062.102490376856
242900	12048.034612283926
243000	12027.465175146179
243100	12009.83693681279
243200	12002.448713221122
243300	11994.782616369834
243400	11989.542602727364
243500	11986.391560301301
243600	11980.55447838729
243700	11974.583026064909
243800	11971.917613377096
243900	11965.764263793477
244000	11963.866448371671
244100	11961.255125200201
244200	11945.849217122013
244300	11936.751076715183
244400	11927.649730666191
244500	11907.639414816396
244600	11892.306569475215
244700	11884.679317017319
244800	11864.523323303787
244900	11836.853906430071
245000	11801.680928853864
245100	11765.556409653742
245200	11733.191674112633
245300	11701.632212101133
245400	11671.918126623612
245500	11644.278829335526
245600	11603.068058599078
245700	11570.340961013106
245800	11546.325859496661
245900	11525.189309903886
246000	11507.831094718073
246100	11496.415879481647
246200	11486.621875931567
246300	11483.234309169173
246400	11480.75317799853
246500	11480.567751670606
246600	11475.045292203315
246700	11449.030382932222
246800	11426.865728819568
246900	11390.875130078639
247000	11355.919648578856
247100	11299.846796092868
247200	11241.293512417877
247300	11164.978979008738
247400	11084.929162256361
247500	10990.227093371912
247600	10884.457323919749
247700	10808.363609105698
247800	10756.92691830895
247900	10701.584050335165
248000	10637.878459518717
248100	10582.230228173255
248200	10550.811480222153
248300	10519.548989325063
248400	10472.987890221411
248500	10454.670560708095
248600	10461.222287486773
248700	10482.44973851263
248800	10517.129620811495
248900	10544.156547980208
249000	10549.344606149942
249100	10540.641258659773
249200	10510.198190416326
249300	10466.618957071565
249400	10448.283998171974
249500	10411.41405009682
249600	10401.791875507333
249700	10391.905760725029
249800	10264.119445210323
249900	10161.148817382753
250000	10100.740580723621
