# MSD of Single Random Dynabead (H) (Single Random Atom)
LagTime(MCS)	MSD
0	0.0
100	5674.256088931463
200	8347.989759826916
300	9426.391058199632
400	11299.967850551184
500	12581.990155459614
600	13061.743860016519
700	14341.096327605512
800	16220.234140842658
900	16299.406786402222
1000	16976.626275914547
1100	18050.454929449916
1200	19326.1512265841
1300	20400.73293038999
1400	21482.290752467612
1500	22360.324356822763
1600	22836.841975605814
1700	23315.600992960914
1800	24200.905140654068
1900	25277.795984322205
2000	26555.506796966074
2100	27831.46026404976
2200	28509.615822188498
2300	28987.860155412403
2400	30474.527435247845
2500	31563.858977981727
2600	32043.743752029317
2700	32731.908859817806
2800	33216.78136243072
2900	33906.89419839298
3000	34995.13695044335
3100	35886.5926671162
3200	36773.089613283635
3300	37867.175023571996
3400	38557.76039933489
3500	39050.54438625072
3600	39946.95212335832
3700	40646.30862094776
3800	41341.39299626829
3900	42233.278299030586
4000	42729.50202285836
4100	43220.42050249115
4200	43306.82073891096
4300	43394.9286041701
4400	43888.62292740808
4500	44174.49031261692
4600	44665.57964144004
4700	45360.5869790148
4800	45844.95216399222
4900	46331.40320389607
5000	47022.88505614683
5100	47713.31582722842
5200	48205.4009555403
5300	48903.464395300805
5400	49394.14086785121
5500	49684.261297557154
5600	50581.49063867028
5700	51272.05215759686
5800	51963.340767273825
5900	52248.15811368282
6000	52530.64057737077
6100	52818.77866829364
6200	52896.21048166446
6300	53174.196862441604
6400	53456.13982067362
6500	53534.369510578515
6600	53611.989724573796
6700	54105.606617626036
6800	54600.17714087336
6900	54684.59727255133
7000	54772.36768034194
7100	55064.56006674419
7200	55155.44523910055
7300	55246.45983666301
7400	55745.5136022183
7500	55832.45735751925
7600	56131.090032978624
7700	56637.99379069227
7800	56940.121897131176
7900	56828.5244969058
8000	57123.61367487593
8100	57626.79957285692
8200	58130.517427499726
8300	58018.85244816227
8400	58312.45978547161
8500	59018.934364482004
8600	59513.58615621296
8700	60214.13125572371
8800	61123.92905506346
8900	61625.99304839768
9000	62119.39798925171
9100	62818.32359761861
9200	63313.06307247514
9300	64009.678450677835
9400	64908.12891830673
9500	65806.11268728491
9600	66297.72581199906
9700	66580.15993211689
9800	66855.50862246996
9900	67549.13670788804
10000	68456.83541459581
10100	69150.4208715535
10200	69638.92080751888
10300	70337.63266222563
10400	70827.37050033483
10500	71945.57741970383
10600	72439.1296041052
10700	72725.1542750462
10800	73215.43284751248
10900	73705.93070787366
11000	74194.31050357659
11100	75094.50215684093
11200	75794.89453919296
11300	76077.68095300818
11400	76777.92345231847
11500	77277.17071351531
11600	77772.17538355675
11700	78267.19279154457
11800	78764.21054080545
11900	79267.68953643955
12000	79563.52767988708
12100	80064.97914383642
12200	80570.03233690135
12300	80863.60682418803
12400	81167.74925063143
12500	81047.88579980406
12600	81133.2324120815
12700	81002.050268043
12800	81499.40928928298
12900	82000.85481054289
13000	82085.10230506363
13100	82593.4299720843
13200	83106.63958175544
13300	82991.4747317844
13400	83082.77978322754
13500	83387.15372416051
13600	83062.35128355064
13700	83786.29057503043
13800	83869.39115450115
13900	83957.13209594955
14000	84467.42120392463
14100	84552.49549097422
14200	84851.50445909979
14300	84943.73440212465
14400	85025.42063646868
14500	85110.58993134095
14600	85197.14129863316
14700	85281.83124862029
14800	85372.45608128334
14900	85461.87275770103
15000	85547.28740629784
15100	85639.18330279976
15200	85518.26232278065
15300	85400.18171383697
15400	85703.13528712571
15500	86003.9546249673
15600	86296.93072396744
15700	86593.82906660871
15800	86685.20149805903
15900	86977.82366049837
16000	87910.93679832644
16100	88418.11865840422
16200	88717.71292999922
16300	89021.46782245114
16400	89530.38733589475
16500	89828.01528743719
16600	90548.73090565117
16700	91061.31442040074
16800	91363.09898990352
16900	91671.13194471697
17000	91982.3542468177
17100	92295.80483984144
17200	92395.177992908
17300	92488.43307385186
17400	92581.58932939527
17500	92681.07260956796
17600	92779.28605497949
17700	93087.88852071983
17800	93602.59045323069
17900	93699.9664992489
18000	93805.86255440832
18100	93916.28802398901
18200	94026.55336271727
18300	94345.185330651
18400	94652.03021836549
18500	94967.28825662957
18600	95082.06741383002
18700	95616.62719531494
18800	95936.57076082035
18900	96039.5167038365
19000	96141.19756986087
19100	96240.76571407108
19200	96345.81177385355
19300	96239.80733287084
19400	96557.50276667965
19500	96877.29371504686
19600	96985.71758224722
19700	97212.1781114391
19800	97549.52115150233
19900	97672.87021132844
20000	97791.46913200885
20100	98128.82354972011
20200	98038.41162904497
20300	97945.51302768983
20400	98066.01700033023
20500	98406.77017790655
20600	98642.36950772765
20700	98759.25702775107
20800	98557.74465061916
20900	98680.75131565693
21000	98798.59616158876
21100	99136.18036474712
21200	99491.25688052084
21300	99838.215156208
21400	99961.48124272085
21500	99986.42682397494
21600	100009.42961922148
21700	100248.38510587308
21800	100053.9379381978
21900	99643.0752016583
22000	99450.38681687607
22100	99254.18690502361
22200	99284.69983072698
22300	99310.22018317599
22400	99555.34091362427
22500	99575.80415847857
22600	99383.30265045376
22700	99629.53049658265
22800	99656.61401382112
22900	99903.49700276589
23000	99709.06843145829
23100	99730.51275738579
23200	99977.29061151115
23300	100005.4963252719
23400	100019.6926458184
23500	100040.68879702908
23600	100060.37986012368
23700	100071.75337323768
23800	100315.5855141524
23900	100552.85204184154
24000	100792.95019579685
24100	101032.71123726715
24200	101271.78847295942
24300	101506.69494177244
24400	101746.97960936642
24500	101767.24031525839
24600	101791.5831392227
24700	102034.4819806159
24800	102272.45845092012
24900	102289.8368632099
25000	102312.58405831375
25100	102545.16131187684
25200	102782.74333286216
25300	102796.30412254087
25400	103248.98043258581
25500	103477.14580492541
25600	103492.89890092256
25700	103720.9055741581
25800	103730.04786658933
25900	104187.1460204187
26000	104415.88808843427
26100	104422.3586678734
26200	104655.84928995158
26300	104669.31610633552
26400	104466.13998513535
26500	104706.395850651
26600	104939.25600997431
26700	104954.26955489657
26800	105643.47676018823
26900	105884.551959956
27000	106343.34631792555
27100	106807.8524936043
27200	107049.23592768249
27300	107069.9521849636
27400	107308.19022928673
27500	107320.47099613908
27600	107338.52224813763
27700	107574.8334121202
27800	107813.33648835984
27900	108155.58502830254
28000	108497.14199179507
28100	108957.93796547083
28200	108979.92516867723
28300	108782.60157605633
28400	109028.3100250584
28500	109270.48587994321
28600	109740.53950877691
28700	110201.6359639985
28800	110661.51936071896
28900	110906.148997796
29000	111146.30968385536
29100	111160.80808397598
29200	111407.43728606749
29300	111643.75118512494
29400	111657.14136492519
29500	111447.37504554846
29600	112022.61087084454
29700	112363.99065296206
29800	112706.35195239136
29900	113058.5630424578
30000	113302.46359956922
30100	113314.68821148918
30200	113665.14078286785
30300	114241.60543724778
30400	114479.2801464329
30500	114499.27354951622
30600	114297.06265611155
30700	114320.88974617605
30800	114448.22799290408
30900	114574.66212459325
31000	114818.33410593326
31100	115171.96457209252
31200	115067.49095480921
31300	115192.60205020066
31400	115544.83002284763
31500	115897.61283866153
31600	116249.72722428574
31700	116602.82428460376
31800	116727.4528760614
31900	117085.00060301617
32000	117208.15368630254
32100	117330.59355846717
32200	117464.02301153366
32300	117601.26789704102
32400	117727.68644189683
32500	117626.83503444729
32600	117522.71286350035
32700	117415.76583209287
32800	117311.59081120807
32900	117211.6273002869
33000	117111.17691329794
33100	117242.23893486604
33200	117142.6604407763
33300	116925.3529628886
33400	116816.6127401778
33500	116603.66859492677
33600	116383.22427457766
33700	116277.45976832387
33800	116171.97964611184
33900	116060.23382664222
34000	116178.78955533856
34100	116298.02956654952
34200	116420.63085326974
34300	116541.24013434077
34400	116665.71890200023
34500	116781.96119657814
34600	116900.89599740884
34700	117023.83612258013
34800	117147.41377901728
34900	117263.06996118487
35000	117613.27952181597
35100	117969.54596236438
35200	118318.8830011285
35300	118907.95021613681
35400	119273.72289730178
35500	119644.19759564925
35600	119774.74268019514
35700	120133.13978059811
35800	120490.66029447495
35900	120846.6483638149
36000	121435.70510886528
36100	121558.19556613197
36200	121913.1044868129
36300	122262.30979853804
36400	122620.0990839387
36500	122984.37724100117
36600	123348.9960869578
36700	123716.35913440958
36800	124067.3569847105
36900	124414.99277970387
37000	124762.16382737903
37100	125112.00638116148
37200	125470.88336497586
37300	125820.53650914371
37400	126172.98254243631
37500	126534.71212750016
37600	126897.90462861478
37700	127261.69433547076
37800	127388.35306046228
37900	127522.96748890536
38000	127894.90462284203
38100	128265.27725613696
38200	128882.30978130421
38300	129261.31573641673
38400	129399.49333538051
38500	129769.12331293087
38600	130138.9633204278
38700	130505.82786175574
38800	130871.49823229149
38900	131241.93317992543
39000	131612.22830723602
39100	131984.3207763749
39200	132359.81687241897
39300	132754.58625131
39400	132904.371036967
39500	133295.53002355172
39600	133681.0160809184
39700	134066.35544247838
39800	134458.21115371602
39900	134616.754628744
40000	134770.8580042949
40100	134925.4080031726
40200	135078.89938647856
40300	135229.0698447
40400	135379.98037060318
40500	135525.90543482619
40600	135677.20415028173
40700	135827.77186403552
40800	135979.39904984154
40900	135895.45070548315
41000	135809.45482277562
41100	135718.64460063164
41200	135625.91047710477
41300	135538.50543568068
41400	135446.51815136068
41500	135595.26793968029
41600	135506.62873587618
41700	135417.08103849343
41800	135318.092520555
41900	135225.52725638897
42000	135132.03520766826
42100	135044.7132764003
42200	134965.6467696301
42300	134878.80609014235
42400	135024.9584058082
42500	135166.52838846244
42600	135308.5224534814
42700	135457.3791469757
42800	135605.31687881495
42900	135750.87726923177
43000	135902.00494484574
43100	136061.39023110917
43200	136221.5442785215
43300	136377.27032633356
43400	136527.79910550575
43500	136668.48997041053
43600	136815.48360214182
43700	137203.77138058076
43800	137592.19460762147
43900	137735.01752289553
44000	137872.36445706326
44100	138015.16745952828
44200	138153.29342246035
44300	138535.70682694885
44400	138918.37667126884
44500	139300.0444578157
44600	139690.40997049975
44700	140083.00628378458
44800	140488.41439432453
44900	140639.29003664065
45000	141035.48119231538
45100	141421.87838333694
45200	141805.58618177942
45300	142198.1310957825
45400	142585.19379358765
45500	142976.70745920445
45600	143370.36712394658
45700	143762.0165392881
45800	144155.9193101885
45900	144561.6953531367
46000	144960.12689000196
46100	145355.21045846475
46200	145746.83823187868
46300	146144.90467244037
46400	146545.97884982472
46500	146705.9738353767
46600	146874.8610248196
46700	147275.49196097456
46800	147667.1963188541
46900	148063.64327797457
47000	148467.64903754092
47100	148624.11490474115
47200	148537.62267568786
47300	148698.8395404458
47400	149101.7771600635
47500	149510.83327762136
47600	149928.61160293195
47700	150331.89004355756
47800	150728.0052405064
47900	151129.09202850424
48000	151525.53738128569
48100	151924.80005713445
48200	152081.97319671954
48300	152240.78977588387
48400	152147.7746062274
48500	152060.7206820029
48600	151958.43897674035
48700	151860.45089784035
48800	151757.7412697481
48900	151905.3098661488
49000	152054.28941498123
49100	152203.87876043248
49200	152351.70413684635
49300	152510.61569720064
49400	152667.7941046988
49500	152573.04366357293
49600	152966.34881777834
49700	152859.68019301925
49800	153000.2979472367
49900	153151.18817235145
50000	153303.50307368656
50100	153448.19723777345
50200	153599.59377897004
50300	153748.23339277346
50400	153895.91410778917
50500	154044.45772873322
50600	154187.9333881721
50700	154336.2303684431
50800	154475.18070001068
50900	154617.78776827035
51000	154765.81380035583
51100	154918.73188526393
51200	155316.47105450236
51300	155717.23401473468
51400	155871.50598603964
51500	156015.34386546453
51600	156156.9274486706
51700	156051.42034257783
51800	156199.24722242993
51900	156347.80742770887
52000	156242.15635578093
52100	156393.12184827478
52200	156542.21896696003
52300	156948.4287295352
52400	157349.9252177202
52500	157503.90471134632
52600	157908.91190752882
52700	158057.79822471176
52800	158207.85339298868
52900	158368.26410295485
53000	158526.00011202227
53100	158683.45998038392
53200	158839.15160412565
53300	158985.15083829607
53400	159126.06576301943
53500	159270.4997499029
53600	159415.93880678457
53700	159566.86212544522
53800	159717.37192355792
53900	159865.36041162105
54000	160022.53173882375
54100	160179.0031652672
54200	160327.56329114945
54300	160479.39851313448
54400	160635.57469329122
54500	160784.97673487413
54600	160935.0981110278
54700	161099.54876137
54800	161261.739504877
54900	161418.82595820125
55000	161825.2769366126
55100	162225.3952806885
55200	162376.39449906957
55300	162521.28535929328
55400	162936.23018297748
55500	163092.95974626503
55600	163000.8603642051
55700	162911.20994635875
55800	163333.7637063006
55900	163499.4127104468
56000	163920.04552416533
56100	164592.55598623006
56200	164746.26715165668
56300	164894.82147111945
56400	165038.6711727295
56500	165180.946205939
56600	165333.58397073153
56700	165489.19367758377
56800	165643.705222207
56900	165791.99672802023
57000	165931.90303470535
57100	166071.12304914882
57200	166209.63345255348
57300	166353.0560992846
57400	166503.31155754928
57500	166658.11285205482
57600	166817.38754963916
57700	167235.6451634455
57800	167641.81872720266
57900	167790.93091073184
58000	168201.85675702835
58100	168860.17213888012
58200	168735.83908059623
58300	169389.99721492062
58400	170047.16479535692
58500	170183.83411888176
58600	170066.92436236172
58700	170200.04038808253
58800	170594.49559670157
58900	171002.9081738392
59000	171672.66689742642
59100	171822.9360699922
59200	171971.10649932918
59300	172639.90342623068
59400	173309.87269615574
59500	173713.84624120066
59600	174114.22549317346
59700	174266.22819710372
59800	174416.5691261855
59900	174815.6139879331
60000	175220.51853569163
60100	175626.16152942379
60200	176037.97189706055
60300	176449.67437224046
60400	176865.2524272693
60500	177021.3105590131
60600	177702.04928139556
60700	178118.70829370193
60800	178275.6347719754
60900	178694.26965014287
61000	179111.4465532859
61100	179531.8251289588
61200	180217.42048102745
61300	180898.46763271285
61400	180786.3432307492
61500	180677.17276791018
61600	181093.86654071248
61700	181244.2527293988
61800	181399.7062265335
61900	181810.79053574795
62000	181963.64356289452
62100	182109.81545622053
62200	182259.92523742508
62300	182674.37982800574
62400	183080.5101408398
62500	183497.8458508933
62600	183796.93332787728
62700	183832.23723984204
62800	183872.72998019046
62900	183918.32117650675
63000	183949.50387693313
63100	184090.03908712883
63200	184130.3067060415
63300	184163.48239325336
63400	184299.46709840454
63500	184706.09451553263
63600	184844.26080295633
63700	184704.11596941593
63800	184842.15908682352
63900	184984.8477840093
64000	185130.41053405643
64100	185277.90524786388
64200	185690.50643876553
64300	186102.73217605753
64400	186247.21649786754
64500	186387.25959657232
64600	186530.18358507653
64700	186667.55738147604
64800	186812.75095485736
64900	186957.94323563267
65000	187108.34176054614
65100	187260.15988425224
65200	187407.0086493026
65300	187553.28595336573
65400	187691.62187399465
65500	187838.13431446048
65600	187978.31571908796
65700	188119.7533492097
65800	188261.20651757828
65900	188417.987261747
66000	188567.12901713076
66100	188706.8106020859
66200	188852.2420156532
66300	188989.7551348909
66400	189134.61773447928
66500	189274.52580083424
66600	189417.72279331696
66700	189562.9396295885
66800	189708.63353688573
66900	189863.1070108699
67000	190013.7759585455
67100	190160.36375453134
67200	190307.38050889998
67300	190449.4405739546
67400	190591.52979418327
67500	190738.32261274068
67600	190885.29400359062
67700	191029.3911592318
67800	191449.26031098916
67900	191860.8048185655
68000	192004.46473201457
68100	192150.9404320813
68200	192297.06342480503
68300	192447.00072809026
68400	192332.03859362743
68500	192488.46006212273
68600	192643.8786835404
68700	192807.82477503602
68800	193240.08217055188
68900	193394.6032805682
69000	193553.2145091513
69100	193700.73653039712
69200	193854.771260039
69300	194011.84946345363
69400	194173.39652489466
69500	194062.14027806328
69600	194223.77843192755
69700	194667.11177158123
69800	194832.45732978993
69900	194990.6812801845
70000	195151.41949094992
70100	195585.46031698474
70200	195747.1466275184
70300	195896.48171995662
70400	196056.32362008106
70500	196105.2027905584
70600	196161.31899143616
70700	195933.49062735523
70800	196535.3445624693
70900	196568.0032802409
71000	197160.0546539227
71100	197485.78074243385
71200	197803.99485925463
71300	198125.2745844932
71400	198166.51809291978
71500	198489.61948671745
71600	198539.5830462515
71700	198866.48629074064
71800	198907.5431657366
71900	199513.3929352715
72000	199839.52717903754
72100	200158.47798734327
72200	200483.37540780392
72300	200811.85188689473
72400	201137.09690639452
72500	201186.53072195456
72600	201510.83963779546
72700	201823.88871926544
72800	202142.92141283298
72900	202470.71819256974
73000	202801.70968523758
73100	203130.52212438715
73200	203464.01374674335
73300	203794.39457274042
73400	204119.57828784967
73500	204437.10604161758
73600	204747.4186778211
73700	205056.94191276352
73800	205376.05246180846
73900	205698.87829759787
74000	206028.28847512623
74100	206351.81299165904
74200	206682.6786847075
74300	207010.95573523716
74400	207340.46063236007
74500	207677.72827940522
74600	208001.49801910302
74700	208330.11789421312
74800	208372.60183785553
74900	208409.33808252343
75000	208451.45866949926
75100	208503.40755950252
75200	208548.0494650824
75300	208588.64177559703
75400	208921.14737615178
75500	208970.22698409093
75600	209020.57161028308
75700	209360.63399650206
75800	209702.98034844737
75900	209757.17955895123
76000	210097.43539892678
76100	210158.6032901659
76200	210214.4280331356
76300	210264.03690610637
76400	210306.13300259435
76500	210351.9719301128
76600	210395.35122182494
76700	210439.37523844777
76800	210496.85772780745
76900	210550.6477603031
77000	210596.97913240283
77100	210647.42581097817
77200	210402.74032743427
77300	210163.9463615013
77400	210503.39883670583
77500	210552.8609151778
77600	210895.13687964022
77700	211533.19356239977
77800	211594.16235903135
77900	211365.02049856907
78000	211419.5423916568
78100	211762.49686604954
78200	211229.6048564201
78300	211568.2074512835
78400	211909.04232602427
78500	211968.52935664842
78600	212304.04584551614
78700	212949.9762788003
78800	213308.87613878044
78900	213659.11919337374
79000	213724.7676735117
79100	213787.71144063945
79200	214136.08730093786
79300	214491.7852306777
79400	214569.49809244054
79500	214642.70007200487
79600	214711.58865430357
79700	214775.37776030973
79800	214845.58079249586
79900	215199.7505120476
80000	215855.43226876121
80100	215925.19504306803
80200	215998.0614806049
80300	216370.5377188129
80400	216746.9629498691
80500	217124.08690393908
80600	218082.0977674676
80700	217868.21764389635
80800	217357.89666969527
80900	218022.51781901493
81000	218393.4063888619
81100	219054.54543154236
81200	219420.91501607347
81300	219197.29140885538
81400	218976.2705213912
81500	219636.26897528564
81600	220594.3202988808
81700	220662.29851889343
81800	220718.93819712359
81900	221366.21831437125
82000	221726.94677996633
82100	222091.8480680558
82200	222463.29511894332
82300	222536.20503353982
82400	222615.31009435476
82500	222983.97224479174
82600	223356.46824222253
82700	223729.6833798554
82800	224401.97774917536
82900	225065.74541180694
83000	225134.97257879662
83100	225213.40585479053
83200	225598.2353469752
83300	225700.2948325787
83400	226252.6183935306
83500	226506.50879006076
83600	226448.44868569446
83700	226694.1453894655
83800	226950.61774743407
83900	227207.7897468055
84000	227460.83254051657
84100	227413.43178021966
84200	227674.27752742195
84300	228230.38231647186
84400	228499.64968587836
84500	228465.04245314316
84600	229030.91906268644
84700	229586.8526166086
84800	229550.94464297785
84900	229819.84155747324
85000	229784.87852484538
85100	229751.94945430124
85200	229721.34923587108
85300	229682.99106194015
85400	229937.87254247852
85500	229898.93029797985
85600	230163.54254838056
85700	230417.6722623562
85800	230676.22803944178
85900	230929.8762212414
86000	231484.151433204
86100	232031.92667035863
86200	231974.99030915042
86300	232528.13319665377
86400	232773.30262085053
86500	232718.05288165424
86600	233270.91450522508
86700	233514.24068914034
86800	233758.14412710228
86900	233717.65193078882
87000	233982.62392419373
87100	234234.01086439367
87200	234187.9447730468
87300	234446.41551646974
87400	234705.487137807
87500	234974.48724205774
87600	235247.94983872044
87700	235512.05959865046
87800	235479.60764154204
87900	235449.32571367308
88000	235425.22884007343
88100	235095.43872060184
88200	234764.77115403218
88300	234423.9982935999
88400	234086.80583451703
88500	234365.88080974235
88600	234654.73140873454
88700	234639.04910547438
88800	234010.35922165643
88900	234304.16693021968
89000	234599.46459211578
89100	234583.50519636157
89200	234416.8487896604
89300	233952.89263310784
89400	233623.54087543098
89500	233605.09429328286
89600	234205.18793879394
89700	233882.2586968063
89800	233240.46253244864
89900	232912.77500667283
90000	231961.7413374468
90100	231936.20114867462
90200	232228.7895191504
90300	232212.9397394616
90400	232192.594586814
90500	231861.81483151027
90600	231537.6830051053
90700	230884.9561764201
90800	231484.83637026657
90900	231460.26221755493
91000	231439.21040413814
91100	231099.2468258913
91200	230760.81628443522
91300	231044.8226036904
91400	231015.9484220351
91500	230524.25129320216
91600	229875.15854530135
91700	229224.91986597652
91800	228891.34820958273
91900	229191.97186778375
92000	228867.14341942937
92100	228218.97344494305
92200	227743.24567733938
92300	227273.90954431536
92400	226481.3987549632
92500	226317.4103357806
92600	226159.275979483
92700	225670.9242662693
92800	225182.39827571253
92900	225013.4990811387
93000	224528.0625045363
93100	224362.3230628926
93200	224200.68490482133
93300	223715.57000012745
93400	223239.0722223406
93500	222128.37390045513
93600	221972.3184285363
93700	220864.47685247724
93800	220381.0650509285
93900	220520.9722720662
94000	220353.78194388305
94100	220188.5442456663
94200	220345.0136540716
94300	219542.4223295238
94400	219038.87559398002
94500	218861.08659563906
94600	218371.01961480785
94700	218202.43138474738
94800	217406.99023894797
94900	216924.24191658682
95000	216762.73300098936
95100	216600.3262091685
95200	216431.2610788027
95300	216274.34690771915
95400	216115.26254532757
95500	215957.88919502415
95600	215790.20929479972
95700	215623.38488752855
95800	215464.12814293063
95900	215307.2727423417
96000	215149.76434533542
96100	214677.13262119197
96200	214531.9943124267
96300	214385.7925596838
96400	213913.51160627377
96500	213770.9548483467
96600	212654.11575110897
96700	211859.7556855486
96800	212040.87958236702
96900	211896.45831631526
97000	211429.37779850297
97100	210960.26750439213
97200	210492.55328131572
97300	210352.3902824174
97400	210850.85487622835
97500	211024.96353897385
97600	210552.29140523105
97700	210409.32734714219
97800	210264.66805356645
97900	210116.66039587767
98000	209967.74653612138
98100	209827.6488135113
98200	209035.18325468223
98300	208566.7567495359
98400	208432.79846571482
98500	208295.5311931245
98600	208140.30274213635
98700	207981.34477965473
98800	208156.89406661296
98900	207676.21923287463
99000	207196.6066395099
99100	207040.71683752892
99200	206879.74679029593
99300	206724.8331202668
99400	206884.04948948437
99500	207042.6712685028
99600	206879.70332806645
99700	207379.01563712966
99800	207212.24546905298
99900	207058.32430827557
100000	206907.56598063646
100100	206412.39245227663
100200	206256.24406579987
100300	206092.40844771234
100400	205917.58448419344
100500	205749.04013248676
100600	205907.91910543508
100700	205737.50620484786
100800	205228.71453773044
100900	205056.60388136082
101000	204887.57786830972
101100	204707.8862716304
101200	204531.5889397056
101300	204352.35764393417
101400	204172.08179378876
101500	203993.02870453143
101600	203814.53612897356
101700	203638.7344764036
101800	203456.48760759982
101900	203272.39023588074
102000	203432.57830168895
102100	203249.8287757679
102200	203060.02584630955
102300	203208.9721872311
102400	203368.19290032992
102500	203518.98909829775
102600	203675.26370692474
102700	203503.49207644918
102800	202990.16498024305
102900	202815.4260449159
103000	202985.39760801703
103100	202467.67509429762
103200	201952.92746860516
103300	201432.3995196581
103400	200918.97574135667
103500	200736.77035310713
103600	200549.1869549741
103700	200364.16466075653
103800	200524.766401697
103900	200345.62110297036
104000	200505.94450818165
104100	200323.11704320926
104200	200139.68477930885
104300	199956.33551389468
104400	199762.26478382366
104500	199565.29642659292
104600	199379.14176765428
104700	199200.379396954
104800	199020.24463422154
104900	199169.953306225
105000	198634.83833365957
105100	198094.43496559002
105200	197911.41094942432
105300	197730.20863283292
105400	197208.18837482494
105500	197029.21098147478
105600	196846.896703787
105700	196656.33424087515
105800	196477.3614848942
105900	196310.24690868126
106000	196129.55359243328
106100	195949.36080593837
106200	196114.83621768613
106300	195591.5675987162
106400	195420.96433627707
106500	195248.69827321958
106600	195418.8002174657
106700	195924.75521543095
106800	195749.29078634863
106900	196274.87293981333
107000	196108.48199046456
107100	195944.01549305086
107200	196112.65651445455
107300	195937.17953255033
107400	195073.67612779356
107500	194908.59949861612
107600	194736.4454060746
107700	193864.35694555024
107800	194385.97362393554
107900	193507.4019266155
108000	193331.14258314637
108100	193158.00656395813
108200	192979.87884898944
108300	192793.75075982016
108400	192967.2957289055
108500	193138.53138684132
108600	192965.30682345314
108700	192789.09928271678
108800	192615.69421677772
108900	192443.7930736796
109000	192267.4572931298
109100	192257.73296655552
109200	192082.7621085046
109300	192226.17681550357
109400	192363.63946311502
109500	192853.15048332466
109600	192993.1428590205
109700	193146.12209853984
109800	193485.4416696029
109900	193818.16977165546
110000	193800.99692392698
110100	194494.61061953535
110200	194113.6251008918
110300	193723.91406978178
110400	194056.26640221063
110500	194029.80771865754
110600	193656.6440567596
110700	193645.4160735453
110800	193107.44771938206
110900	192562.7366432925
111000	192896.23679431737
111100	193233.94447876076
111200	193213.96739256202
111300	193549.9978530104
111400	193878.806203944
111500	193678.71899613622
111600	193652.89304591378
111700	193278.24529184567
111800	192736.46482488367
111900	192184.70805310237
112000	191809.42370507092
112100	191417.75228951316
112200	191389.61235337914
112300	191005.23735705882
112400	190984.4194462873
112500	190240.37332101646
112600	189496.36026198106
112700	189121.8853836666
112800	188733.46432515368
112900	188347.5418391365
113000	188318.11236963625
113100	187938.6911818165
113200	187552.05283031004
113300	187901.69253511773
113400	187525.78124079056
113500	187135.01311203645
113600	186753.58005221462
113700	186368.9763398083
113800	185983.13391520944
113900	185763.7125594095
114000	185539.55327116195
114100	185313.51432563402
114200	185080.22446163744
114300	184676.4629237667
114400	184440.0540300672
114500	184038.55053270995
114600	183640.57566681036
114700	183409.1990213694
114800	183185.30054616186
114900	182950.71320899812
115000	183092.28233635303
115100	183233.95297030438
115200	183381.17977200684
115300	183525.09749749606
115400	183672.94232362317
115500	183820.43916417804
115600	183596.85724587383
115700	183753.43112969783
115800	183540.84660158987
115900	183689.80424730535
116000	183844.61150946526
116100	183994.60600200802
116200	184139.95028000735
116300	184294.23057169496
116400	184455.457411432
116500	184615.7276627817
116600	184779.3299990314
116700	184567.6359961789
116800	184741.02650258184
116900	184910.24410378968
117000	185074.03617389465
117100	185244.0369537865
117200	185421.78135838313
117300	185435.9103107169
117400	185446.09978900413
117500	185458.30351100522
117600	185463.69323891765
117700	185457.81291614127
117800	185460.90732809098
117900	185458.4737852746
118000	185451.73180507607
118100	185453.09732415646
118200	185457.2195175776
118300	185461.9587288975
118400	185469.5680427065
118500	185464.18983669335
118600	185469.14224940925
118700	185463.62353568917
118800	185278.25920699767
118900	185099.13594229994
119000	184918.02975774978
119100	184363.12148665573
119200	183810.39728080828
119300	183250.1384915523
119400	182687.15798875256
119500	182121.9841832169
119600	182111.8914925359
119700	182105.03175472183
119800	181920.83581677903
119900	182113.83492101482
120000	181920.50524732465
120100	181728.32900055163
120200	181143.6252268937
120300	181503.37102418867
120400	180719.89641834365
120500	180898.4328220678
120600	180299.07343972242
120700	180081.91190720745
120800	180248.4635686262
120900	180027.57930227488
121000	179804.0490767834
121100	179593.08324202
121200	179388.0106448423
121300	178795.20947172283
121400	178968.9315729346
121500	178361.3250537979
121600	178145.17995442526
121700	177928.21202035778
121800	177721.30551363988
121900	177501.31897914884
122000	177277.8012568415
122100	177058.14358073304
122200	176829.53592430832
122300	176610.74991905215
122400	176393.3422977183
122500	176170.0903897394
122600	175946.8108375394
122700	175908.5254418049
122800	175684.74098023793
122900	175463.46108318184
123000	175239.42076289788
123100	175023.37021738966
123200	174983.5975222129
123300	174945.50464413466
123400	174902.05485561688
123500	174872.48737438789
123600	174832.487850741
123700	174793.5887325575
123800	174750.46625707424
123900	174710.17267641056
124000	174663.33986229607
124100	174625.21060723637
124200	174590.87679931754
124300	174550.03088231926
124400	174503.46713802838
124500	174459.3563210569
124600	174607.08719569593
124700	174760.38960154986
124800	174904.37858736672
124900	175046.6469726079
125000	175183.96713366802
125100	175325.23032805353
125200	175464.10854751873
125300	175599.20334762614
125400	175733.134758368
125500	175868.6558725519
125600	176005.00481348482
125700	175946.9794635124
125800	175892.13392333288
125900	175830.91910061985
126000	175773.812819658
126100	175715.6538431861
126200	175666.25753643306
126300	175626.79527429314
126400	175589.15868037567
126500	175549.9742589587
126600	175504.23667470773
126700	175457.74865145853
126800	175402.04792342614
126900	175349.2291286691
127000	175288.9665183613
127100	175025.1910722157
127200	174769.1475674454
127300	174519.51428158133
127400	174270.11539915114
127500	174223.49240073463
127600	173970.36378391553
127700	173719.27120500157
127800	173475.06607472943
127900	173224.17239361093
128000	172967.13119139915
128100	172711.0566587561
128200	172460.93715716526
128300	172201.39876592386
128400	171951.8471265449
128500	171697.47999495472
128600	171428.9097752113
128700	171161.8240087938
128800	170899.00850659935
128900	170646.8116043258
129000	170382.77121866797
129100	170116.69240094186
129200	169854.83734113083
129300	169595.8383087155
129400	169331.22676327813
129500	169062.55687551413
129600	168801.08496606926
129700	168531.09414274045
129800	168450.5508386641
129900	168371.7685347736
130000	168094.6030394569
130100	167830.4468366777
130200	167562.2213492741
130300	167281.56288300146
130400	167013.22569879424
130500	166939.96764473538
130600	166857.3616881139
130700	166592.95966541953
130800	166323.72303759813
130900	166058.38481668266
131000	165799.20910970826
131100	165538.33142990805
131200	165276.21021190347
131300	164998.04000628425
131400	164733.19678220537
131500	164668.1276089122
131600	164601.18243968362
131700	164537.39712204185
131800	164463.4280645954
131900	164386.70921429433
132000	164315.3156142108
132100	164246.33888218072
132200	164173.8032055199
132300	164090.5768921916
132400	164014.16065525985
132500	163949.3614903399
132600	163882.25018922618
132700	163818.50954207938
132800	163752.24345405138
132900	163688.8616475906
133000	163825.47651384582
133100	163973.11133437222
133200	164114.61736957106
133300	164680.59611813255
133400	165246.77919332442
133500	165389.98914389624
133600	165953.00435597432
133700	166093.41838082197
133800	166238.67520468766
133900	166389.41470923251
134000	166530.52489877862
134100	166673.32645941008
134200	166820.46566872345
134300	166974.22466710408
134400	167129.8262513096
134500	167275.54149491407
134600	167417.2581278567
134700	167558.1761772816
134800	167714.12148501544
134900	167871.6046969577
135000	168026.0401626562
135100	168176.7618613088
135200	168317.6182368093
135300	168460.85593990047
135400	168611.64291271928
135500	168761.11095137577
135600	168700.51074004362
135700	168645.9259913926
135800	168782.82035248706
135900	169160.6671272859
136000	169305.3859165259
136100	169449.24076156286
136200	170031.44446084672
136300	170609.6568177618
136400	170994.40507381418
136500	171374.2334347876
136600	171317.2622689163
136700	171262.60603517934
136800	171644.7901752633
136900	172020.09369619453
137000	171954.31116366363
137100	171901.44137510908
137200	171840.9116862984
137300	171774.88590281532
137400	172151.30131583766
137500	172530.59484857722
137600	172915.96551223545
137700	173298.41281255396
137800	173672.86833791327
137900	174047.8990647617
138000	174413.23111916985
138100	174789.04876565264
138200	175160.51318977578
138300	175338.60761463732
138400	175508.50101090528
138500	175885.48949113177
138600	176269.33571888297
138700	176446.49323890609
138800	176828.1876423965
138900	176755.359079103
139000	176681.14833817162
139100	177051.37291661522
139200	177424.87238713476
139300	177595.49018661323
139400	177770.15434217674
139500	178145.82285289987
139600	178516.15455929755
139700	178883.07214872297
139800	179268.45612475614
139900	179641.7883441541
140000	180015.59956860394
140100	180388.46435456214
140200	180759.63730020897
140300	181130.75823501268
140400	181493.93699524857
140500	182074.93016634893
140600	182647.87999629087
140700	183224.7216042134
140800	183808.48907274744
140900	184391.03363252466
141000	184546.46254517278
141100	184921.10117248667
141200	185082.2263260117
141300	185242.68304165138
141400	185405.7289870235
141500	185571.26967068328
141600	185730.13185141853
141700	185887.14550673962
141800	186048.87998250185
141900	186216.0906096056
142000	186382.77335288582
142100	186548.74500575042
142200	186718.30099592192
142300	186874.16948998912
142400	187047.90305686803
142500	187209.52791339386
142600	187369.66020307952
142700	187528.02483274628
142800	187690.2578416855
142900	187848.81113726925
143000	188005.86701141362
143100	188173.4988638916
143200	188338.5607730472
143300	188502.23108530318
143400	188663.55496445694
143500	188832.4802116952
143600	189002.93919688105
143700	189184.29001675066
143800	189357.1493081646
143900	189524.5839507111
144000	189692.8804827605
144100	189863.3262334783
144200	190041.10914649325
144300	190225.05273970912
144400	190410.43688583415
144500	190588.2152513199
144600	190771.50166220916
144700	190957.8872878996
144800	191145.70733438784
144900	191333.57678866404
145000	191518.72713075235
145100	191709.82364391707
145200	191902.05383246706
145300	192091.7207796379
145400	192282.73584445944
145500	191999.60136449902
145600	191718.03309381375
145700	191425.0880039148
145800	191136.1070958207
145900	190859.80105680588
146000	190584.87728809833
146100	190773.80817881433
146200	190485.3511057099
146300	190680.9260178886
146400	190391.89367958636
146500	190109.97752759978
146600	189829.25015459428
146700	189547.4631151686
146800	189258.4950017383
146900	188978.16720326396
147000	188696.41625456646
147100	188411.4705097794
147200	188614.19556044287
147300	188331.0699922702
147400	188048.07462312907
147500	187770.22583454713
147600	187482.03739243973
147700	187196.05401858082
147800	186913.42102318475
147900	186623.41001743474
148000	186335.21258238034
148100	186048.53844679758
148200	185770.8371542711
148300	185483.62516458653
148400	185202.16454084968
148500	184923.89919127614
148600	184641.31200802064
148700	184364.14597027344
148800	184085.1926361812
148900	183806.63458901027
149000	183524.43715214368
149100	183248.1069802621
149200	182968.23468110565
149300	182686.94341019704
149400	182400.03991203473
149500	182115.0030968525
149600	181838.96357244567
149700	181567.94932429603
149800	181294.25554752193
149900	181010.70656573062
150000	180741.86389624805
150100	180479.51935285673
150200	180212.0657782937
150300	179942.4412397234
150400	179677.3343878133
150500	179412.32891908532
150600	179146.05451223312
150700	178878.1730768809
150800	178607.44585895928
150900	178335.20862403163
151000	178075.26262517666
151100	177821.0024091116
151200	177565.56663820898
151300	177311.74381923533
151400	177055.30166521366
151500	176804.92988599287
151600	176546.19780458053
151700	176284.13716349448
151800	176024.06051691656
151900	175758.918385927
152000	175501.23175046983
152100	175234.29142198947
152200	174968.5297805376
152300	174702.92880417177
152400	174434.1384757365
152500	174176.7380654609
152600	173912.07230248838
152700	173653.79577511258
152800	173395.38772952885
152900	173122.09528147487
153000	172855.7188974482
153100	172575.7492078867
153200	172290.53516277502
153300	172007.47680477425
153400	171722.97678153042
153500	171442.28400704334
153600	171153.75210646307
153700	170864.91070201262
153800	170585.73424896406
153900	170305.271569161
154000	170028.73985415197
154100	169753.59749000997
154200	169474.39275075984
154300	169183.79016532694
154400	168890.95413337203
154500	168593.1133225207
154600	168300.8549086402
154700	168015.73253615235
154800	167721.30609283526
154900	167415.98856092338
155000	167110.66717780725
155100	166810.09599266917
155200	166499.10830824665
155300	166188.1550299977
155400	165870.96843442123
155500	165553.83090040134
155600	165237.28697288065
155700	164926.0874565575
155800	164607.90560886357
155900	164293.11347712245
156000	163981.93729554338
156100	163661.54372029757
156200	163343.00531113867
156300	163018.53545481316
156400	162697.04873830173
156500	162373.397176027
156600	162041.39158476048
156700	161704.47443357852
156800	161358.5171467337
156900	161012.18207794256
157000	160669.06281654682
157100	160322.13963753523
157200	159975.84640287858
157300	159638.33676965098
157400	159285.9434068523
157500	158941.4245894432
157600	158602.2577010491
157700	158259.5480911876
157800	157901.15939333226
157900	157558.55761592096
158000	157210.74312827687
158100	157102.31941035012
158200	157000.01454874294
158300	156895.49908017498
158400	156789.24995997013
158500	156691.06940988652
158600	156581.2524384264
158700	156222.73578644585
158800	156114.85767741385
158900	156003.65972552885
159000	155893.6863407946
159100	155789.57446039887
159200	155682.09527216246
159300	155573.2866275007
159400	155466.31226408243
159500	155368.16501953325
159600	155273.65964488182
159700	155173.42384118965
159800	155061.14552827593
159900	154964.33579635964
160000	154859.2765229399
160100	154757.55129358213
160200	154671.32026598247
160300	154572.7830113731
160400	154472.66122879778
160500	154382.56523460784
160600	154288.90255634702
160700	154188.6784869164
160800	154095.88181509226
160900	153729.00137057755
161000	153360.21427480556
161100	153249.3629338998
161200	153140.82690557663
161300	153033.56834682624
161400	152925.26095252633
161500	152817.93238089737
161600	152703.0693705115
161700	152598.74335173002
161800	152501.45968001278
161900	152398.59659917903
162000	152284.87792783693
162100	152173.273311869
162200	152058.5949403838
162300	151939.14393856563
162400	151818.3240747859
162500	151710.08349155664
162600	151603.87410122514
162700	151499.6713726867
162800	151390.55249096043
162900	151272.28844951972
163000	151163.8109070657
163100	151059.72600143563
163200	150955.1318168621
163300	150843.47210124414
163400	150728.12754258356
163500	150610.0238250043
163600	150494.97094261216
163700	150373.82793629594
163800	150243.1326293085
163900	150116.2990213643
164000	149988.24353222322
164100	149859.83067630918
164200	149719.8413803635
164300	149591.4335230964
164400	149452.89892168672
164500	149321.88261536966
164600	149204.96876557093
164700	149067.07362890756
164800	148932.3949673872
164900	148805.06139636948
165000	148677.18976266502
165100	148553.0984172413
165200	148425.7367064171
165300	148297.17902859038
165400	148162.45505136205
165500	148036.15296931565
165600	147903.10487790348
165700	147767.79360673184
165800	147635.69694527774
165900	147501.58630297895
166000	147371.38431228543
166100	147234.44116665126
166200	147098.96844984175
166300	146964.43834047363
166400	146827.66653694358
166500	146679.112086036
166600	146532.15062724857
166700	146377.58005193918
166800	146229.98854702126
166900	146369.52779098277
167000	146495.26723953086
167100	146619.65797721138
167200	146743.50335447438
167300	146866.85927460843
167400	146994.98466495768
167500	147127.87292205048
167600	147247.1232227931
167700	147380.5600275154
167800	147507.49824277067
167900	147647.88794142086
168000	147793.64558340097
168100	147925.6396023137
168200	148059.44098015717
168300	148199.52211733037
168400	148337.51958726576
168500	148471.97641320186
168600	148606.45565401355
168700	148735.57991068592
168800	148872.9320901469
168900	149008.10541160393
169000	149133.97169801133
169100	149270.5180749604
169200	149407.98265089706
169300	149550.27220082466
169400	149698.79683917185
169500	149842.76990947264
169600	149985.7777672252
169700	150133.80797931104
169800	150275.18482297784
169900	150407.9642818382
170000	150547.73435879225
170100	150685.55682978473
170200	150823.4664996781
170300	150959.32817347144
170400	151109.81589709874
170500	151259.7186651169
170600	151414.460350643
170700	151569.21330809558
170800	151729.42066518296
170900	151891.49134785437
171000	152051.22137891583
171100	152213.78792376956
171200	152372.83364033414
171300	152521.14146849344
171400	152677.15110507386
171500	152829.29981811787
171600	152986.6360033418
171700	153141.08154419487
171800	153286.0221893811
171900	153427.01831883675
172000	153581.85213185515
172100	153738.7585732175
172200	153889.10668999155
172300	154042.641073481
172400	154190.0567880345
172500	154352.81976864746
172600	154505.07459701883
172700	154656.65657144692
172800	154821.1773422605
172900	154966.40952254494
173000	155127.78503357555
173100	155300.18175196776
173200	155474.04177574758
173300	155649.52591415084
173400	155829.45223748503
173500	156012.07652310468
173600	156183.1753604992
173700	156372.66750311345
173800	156565.44669708516
173900	156761.23788550415
174000	156960.22381942597
174100	157159.14977498143
174200	157354.47376368198
174300	157545.80615579739
174400	157744.8279188422
174500	157944.15347814266
174600	158140.3628702812
174700	158334.25455482147
174800	158524.5133458737
174900	158714.53284796965
175000	158919.84164140368
175100	159118.404355617
175200	159308.1629293575
175300	159501.31683508318
175400	159687.56770596007
175500	159883.52229063094
175600	160083.5809133896
175700	160292.5386167594
175800	160492.97007833264
175900	160693.8396667603
176000	160892.2231867992
176100	161108.47106430295
176200	161316.65821552434
176300	161525.36563784542
176400	161738.52457017198
176500	161939.63079648127
176600	162150.72193411097
176700	162364.1883442273
176800	162575.08037337457
176900	162782.16433023132
177000	162986.30715390248
177100	163190.22438314027
177200	163392.92233309205
177300	163612.99520813342
177400	163834.90765164842
177500	164041.9163099057
177600	164255.01547874135
177700	164453.6376567767
177800	164653.3056829358
177900	164860.08227442086
178000	165064.11985524907
178100	165262.83264026733
178200	165468.0323731384
178300	165679.12105562323
178400	165896.57694597947
178500	166120.56141580574
178600	166349.7078988293
178700	166587.25514495588
178800	166812.8050224632
178900	167030.59071443373
179000	167258.32655314027
179100	167471.6507752188
179200	167679.1002127843
179300	167905.35778900242
179400	168117.93433667888
179500	168325.5817499059
179600	168533.02973782519
179700	168740.35637612492
179800	168732.15678614803
179900	168720.42121566087
180000	168715.84325065085
180100	168696.83421034343
180200	168684.85838466848
180300	168671.03855083056
180400	168668.31760860648
180500	168661.02412447927
180600	168658.91886442422
180700	168658.70936200803
180800	168650.74241253303
180900	168648.0508207329
181000	168647.0029817684
181100	168639.73971626276
181200	168630.11732373975
181300	168628.2335726276
181400	168611.9493902788
181500	168615.05161203427
181600	168613.30470217625
181700	168609.92988868488
181800	168611.3475430905
181900	168611.25561969075
182000	168612.251444261
182100	168604.3535370439
182200	168610.28610358684
182300	168612.00855670817
182400	168618.14436064567
182500	168625.67210019304
182600	168631.2906445131
182700	168631.4997468806
182800	168631.72863323684
182900	168652.60947522207
183000	168656.25101471087
183100	168665.1140931066
183200	168670.3411421826
183300	168675.95059755893
183400	168696.12606202578
183500	168712.06941234125
183600	168722.77671914687
183700	168722.25502216397
183800	168737.7648282018
183900	168740.66119766407
184000	168746.74015523703
184100	168766.89980313648
184200	168781.35196446622
184300	168797.39254253957
184400	168818.87138186308
184500	168842.00032952387
184600	168857.23227982974
184700	168881.03982543648
184800	168905.63951406366
184900	168921.21056500298
185000	168951.01470386225
185100	168975.07864058943
185200	168998.75978560332
185300	169024.47782313864
185400	169048.57359529642
185500	169071.8050569542
185600	169084.82681356638
185700	169104.18939166603
185800	169118.11117601825
185900	169136.15526493627
186000	169162.95360644115
186100	169186.96965518355
186200	169213.6713086738
186300	169234.63101576274
186400	169264.77196800028
186500	169287.05284293264
186600	169304.95390686824
186700	169330.95078725566
186800	169362.54867461097
186900	169626.8823298287
187000	169900.61073245073
187100	169936.79114429263
187200	170217.24543843695
187300	170497.0422684066
187400	170768.20055850694
187500	171042.1497993492
187600	171301.4382853011
187700	171316.8674789038
187800	171336.17785077158
187900	171358.27847342336
188000	171389.50970131872
188100	171414.69086460903
188200	171447.8646042063
188300	171496.60661801853
188400	171549.31131860125
188500	171593.99477506807
188600	171639.75367289968
188700	171693.97770880474
188800	171747.70300612136
188900	171801.63155192463
189000	171846.17156934872
189100	171903.68807073962
189200	171959.53552601684
189300	172025.22363560006
189400	172093.78687044047
189500	172146.3956707385
189600	172212.35414142476
189700	172272.0003753319
189800	172321.06738386492
189900	172388.20399657704
190000	172451.15729575555
190100	172512.87964300305
190200	172578.6135763709
190300	172650.23057560413
190400	172726.83159581412
190500	172795.5996110062
190600	172867.07203818875
190700	172932.97423823446
190800	172996.36727978126
190900	173054.9063121398
191000	173117.74052075593
191100	173175.34163656604
191200	173240.35513488215
191300	173311.25345695383
191400	173393.17254017032
191500	173472.7720988312
191600	173539.63126119605
191700	173605.39750961505
191800	173661.76761728677
191900	173715.00623130807
192000	173767.1591935935
192100	173818.64975365013
192200	173888.26671415125
192300	173957.5371849173
192400	174011.42291690936
192500	174074.29904732824
192600	174124.40822384116
192700	174175.6668102952
192800	174226.4577677394
192900	174267.24305737572
193000	174320.7911337625
193100	174368.74522016733
193200	174427.75907506066
193300	174487.54041980932
193400	174547.5279511492
193500	174605.5029123187
193600	174662.5144488286
193700	174730.70390260415
193800	174786.76552037176
193900	174830.39931874775
194000	174880.18092007638
194100	174926.7549770075
194200	174994.59995323612
194300	175047.24625512416
194400	175089.8454957165
194500	175135.13091936355
194600	175189.8693938357
194700	175237.5183755415
194800	175285.32661927867
194900	175344.28000294266
195000	175394.82924325357
195100	175459.73920120145
195200	175512.1706483849
195300	175566.87720568164
195400	175624.7310247401
195500	175682.0282245446
195600	175732.48590566288
195700	175772.71573216864
195800	175823.1830599019
195900	175867.86088122503
196000	175921.29730909533
196100	175961.26372687094
196200	175994.74072725588
196300	176041.0588661604
196400	176096.0900082236
196500	176142.13558540028
196600	176196.79586869228
196700	176233.95999682698
196800	176271.4167811679
196900	176318.71679098747
197000	176372.56468609546
197100	176428.93938764062
197200	176492.3659734692
197300	176554.40749173792
197400	176594.26504329024
197500	176645.841428678
197600	176686.21776814904
197700	176729.62139603656
197800	176772.74508184707
197900	176813.32605684758
198000	176855.91408367042
198100	176898.08406619274
198200	176959.43531747776
198300	177009.51177556877
198400	177065.81328559207
198500	177105.26638370624
198600	177147.83509167144
198700	177187.89822612575
198800	177229.40699742548
198900	177272.4915922565
199000	177309.96361343714
199100	177367.71346611076
199200	177409.3142703739
199300	177456.3424189868
199400	177482.685645889
199500	177516.05472986982
199600	177567.04735441072
199700	177614.24886135396
199800	177656.7006237504
199900	177698.19165235577
200000	177758.26356644096
200100	177819.4287988893
200200	177883.8067177455
200300	177935.896001409
200400	177977.56903727102
200500	178020.52180211715
200600	178071.36742713558
200700	178120.69233610306
200800	178164.8380890615
200900	178215.65929802723
201000	178261.16173293564
201100	178324.5447105504
201200	178384.1254265049
201300	178432.55158718931
201400	178482.97110878507
201500	178527.83427771542
201600	178578.65081217326
201700	178624.71028533578
201800	178665.42014350905
201900	178714.4745404999
202000	178771.2744023549
202100	178825.0597733258
202200	178897.23365966047
202300	178949.56614962075
202400	179002.6518750894
202500	179059.83053774142
202600	179126.51807645173
202700	179173.05142906733
202800	179219.50643984662
202900	179283.0932523569
203000	179348.2433604509
203100	179430.58195915594
203200	179498.35656027915
203300	179562.02379043528
203400	179618.67532104868
203500	179691.46045655105
203600	179740.30276472564
203700	179789.4611116333
203800	179862.50919689497
203900	179929.5937941395
204000	180009.62248844974
204100	180085.88635185664
204200	180160.7092305413
204300	180226.36982308712
204400	180297.12554565436
204500	180384.3403285285
204600	180466.1532117604
204700	180533.24129412894
204800	180608.41812905826
204900	180694.93999549147
205000	180795.51174124453
205100	180910.5413288293
205200	181004.45718069148
205300	181088.7021518291
205400	181173.34883013114
205500	181263.6537248312
205600	181348.14966607513
205700	181453.4309191481
205800	181545.29243459066
205900	181634.48285343533
206000	181718.5255491793
206100	181814.8007246461
206200	181905.96943462518
206300	181992.62424783828
206400	182090.07502121566
206500	182169.34655586715
206600	182247.3781832087
206700	182334.34323319508
206800	182425.39548043645
206900	182507.1129269775
207000	182594.09011654172
207100	182686.00089538115
207200	182751.42367064377
207300	182827.7587852563
207400	182907.3508946408
207500	182987.01117356523
207600	183071.9081378252
207700	183149.9391461279
207800	183232.92684236873
207900	183329.34076610656
208000	183446.1403505666
208100	183534.36229492663
208200	183631.85040937143
208300	183738.6247822059
208400	183827.71213557312
208500	183917.96631252515
208600	184003.7011030258
208700	184097.0841439393
208800	184192.0169015065
208900	184293.646477186
209000	184392.65681650068
209100	184503.62885363857
209200	184621.62924984295
209300	184750.11827004974
209400	184854.1479245091
209500	184946.1088173513
209600	185039.83843022474
209700	185158.72002533585
209800	185281.60983977528
209900	185395.1463364518
210000	185517.9153964677
210100	185619.68625780032
210200	185730.50115969253
210300	185834.80841369415
210400	185953.12799142406
210500	186067.90953645075
210600	186191.20217323082
210700	186321.49379216362
210800	186454.62351271132
210900	186587.73585988628
211000	186720.51966677373
211100	186874.050690891
211200	187003.18645642482
211300	187142.0292927876
211400	187266.72047512408
211500	187405.06281379517
211600	187541.9183545832
211700	187676.81021843158
211800	187814.7951031468
211900	187950.15658686345
212000	188088.04198739966
212100	188221.88548368076
212200	188349.85414894822
212300	188468.56062168544
212400	188606.47604870293
212500	188730.4867577664
212600	188868.62485904153
212700	189022.51672348857
212800	189170.3037436832
212900	189331.41461816998
213000	189516.60142130643
213100	189655.15314367253
213200	189793.8437274539
213300	189951.34882285143
213400	190101.55836479523
213500	190258.4595587769
213600	190420.87391754682
213700	190564.71896498633
213800	190711.72964337235
213900	190887.41580667242
214000	191045.7044973154
214100	191195.63175994033
214200	191366.5714005352
214300	191521.25006554124
214400	191668.43793891807
214500	191821.031392744
214600	191973.89651113033
214700	192124.8527018968
214800	192274.37080990704
214900	192435.78928919783
215000	192593.6832608221
215100	192749.98073897822
215200	192889.00717288733
215300	193033.08380085646
215400	193161.38498642188
215500	193297.62347169183
215600	193440.72455356372
215700	193565.55693351018
215800	193707.6406783719
215900	193860.17922311294
216000	193999.56306858663
216100	194131.4492710575
216200	194301.009216787
216300	194453.18801292754
216400	194610.41474334226
216500	194792.04782187357
216600	194268.98273433844
216700	193755.08278653864
216800	193928.53647273482
216900	193401.38277905367
217000	193540.07175263224
217100	193682.55695426266
217200	193818.9995308398
217300	193953.03586706094
217400	194084.09061363077
217500	194210.52524864735
217600	194332.98972915477
217700	194476.67131151655
217800	194614.1055873954
217900	194736.71386167844
218000	194864.96649754944
218100	194978.27722189686
218200	195100.0919367043
218300	195216.21894148196
218400	195338.47266638197
218500	195452.45902232884
218600	195550.28995223914
218700	195666.14959689454
218800	195775.13798704877
218900	195894.85841184796
219000	196016.05367551505
219100	196124.18612979286
219200	195492.92062079703
219300	195594.0157709234
219400	195709.08993808174
219500	195091.74236021622
219600	194474.70360169475
219700	193830.97237134614
219800	193167.6960194702
219900	193256.15954306466
220000	193361.58941241418
220100	192702.1795009179
220200	192024.16432949025
220300	192115.262424337
220400	192195.05968033522
220500	192294.12598162977
220600	192403.9326952811
220700	191739.41325581062
220800	191062.12458376586
220900	190385.12967933595
221000	189705.4510862195
221100	189031.7673033514
221200	188360.18648004864
221300	187678.96706243904
221400	186997.475960451
221500	186302.34252952153
221600	185600.55609074398
221700	184904.04818930244
221800	184203.85617951758
221900	183487.26029136754
222000	182762.5498162185
222100	182021.1827435787
222200	182101.11685581104
222300	182179.60451921256
222400	181427.96481089777
222500	180689.45400717435
222600	179932.91617275262
222700	179188.40656749276
222800	178432.10752006777
222900	177679.57548125135
223000	176910.70398351506
223100	176132.8089046075
223200	175358.27658655122
223300	174578.29217039418
223400	173802.96248330752
223500	173013.61002634512
223600	172223.80640002963
223700	171420.67063590905
223800	170626.8587233575
223900	169811.8904842913
224000	168999.95109050203
224100	168171.4634005485
224200	167336.31572153827
224300	166503.06424981076
224400	165654.08634619997
224500	164814.90900685117
224600	163971.65557743682
224700	163129.29209614202
224800	162272.8083410363
224900	161444.42511669465
225000	160605.852443388
225100	159754.9378933367
225200	158890.96476354665
225300	158018.039301486
225400	157147.69194438163
225500	156264.13972509955
225600	155366.06014155154
225700	154465.39012153778
225800	153548.57600357427
225900	152634.92796227479
226000	151726.372036361
226100	150801.802682139
226200	149865.6406898821
226300	148933.79340346332
226400	147999.11477301287
226500	147068.5071314546
226600	146151.38522777183
226700	145200.71061342247
226800	144240.6521943403
226900	143275.33011749375
227000	142294.46006868122
227100	141295.16330374335
227200	140301.8068318331
227300	139284.30221702863
227400	138279.2128647571
227500	137267.4247890159
227600	136246.8663051526
227700	135228.11670478253
227800	134193.58337225794
227900	133182.76624240712
228000	132128.8146927289
228100	131088.55656059284
228200	130020.65413758848
228300	128947.17837440483
228400	127859.76264743967
228500	126782.46826815218
228600	125694.42063934208
228700	124590.12659598383
228800	124556.24962930265
228900	124512.86759955488
229000	124492.56022499478
229100	124449.61391530896
229200	124448.56330506928
229300	124437.5075851051
229400	123320.2949174004
229500	123307.67461656485
229600	122174.9399598472
229700	122155.45458409087
229800	122140.9557717552
229900	122119.5605575124
230000	122105.80098665347
230100	122095.98898751974
230200	122078.21619574951
230300	122068.69310611307
230400	122057.55935673656
230500	120877.32032904644
230600	120853.55679301766
230700	120826.34972704407
230800	120796.05816655856
230900	120767.95592030053
231000	120737.90370042717
231100	120704.63542301336
231200	120672.83478270333
231300	120647.38597461939
231400	120624.383992724
231500	120606.16738649941
231600	120581.50916751895
231700	120554.75787195971
231800	120521.2452373853
231900	120488.08212871446
232000	120456.99079796406
232100	120432.76051669421
232200	120409.08801746042
232300	120376.98354141558
232400	120354.280911894
232500	120333.70270109754
232600	120328.93936508284
232700	120321.3795286944
232800	120323.94856723752
232900	120332.85705711607
233000	120345.3418290848
233100	120356.25082444132
233200	120360.19681487493
233300	120361.25980320593
233400	120368.60979755144
233500	120368.99023453132
233600	120368.65687349562
233700	120376.96175232792
233800	120392.85642960703
233900	120414.05222915724
234000	120438.0563456006
234100	120456.686482418
234200	120477.30969287701
234300	120500.0024244914
234400	120529.84251490301
234500	120561.05289064573
234600	120597.46894252353
234700	120631.91336916693
234800	120662.82149154591
234900	120698.52609264464
235000	120738.46788994416
235100	120771.75688738342
235200	120795.34243667623
235300	120803.44797660719
235400	120807.74645113484
235500	120806.51847949768
235600	120789.68869073977
235700	120781.14134744296
235800	120774.77491740111
235900	120762.58226748763
236000	120752.29389901733
236100	120732.2877801209
236200	120720.91222182929
236300	120698.64464685183
236400	120678.19226462874
236500	120660.61840344641
236600	120638.93397849548
236700	120621.68338180985
236800	120599.90443210253
236900	120585.7511204416
237000	120578.87843433804
237100	120568.14520913507
237200	120572.69544056142
237300	120571.6480813019
237400	120592.63063286296
237500	120610.68141667523
237600	120628.95253870753
237700	120663.96907448555
237800	120700.44073302722
237900	120744.57981415972
238000	120794.07591532198
238100	120841.28930101506
238200	120873.29409460395
238300	120899.75563497795
238400	120920.81588354643
238500	120945.37600127542
238600	120950.76584672873
238700	120950.76042175612
238800	120945.82550785002
238900	120936.01154502915
239000	120940.36604786232
239100	120945.17024076432
239200	120947.64075256532
239300	120962.79932735453
239400	120981.16500895718
239500	121017.29046012012
239600	121062.9853910829
239700	121094.93964503022
239800	121126.32702377021
239900	121135.84650978171
240000	121145.45297025055
240100	121153.82922893795
240200	121168.5265800577
240300	121174.89757753324
240400	121184.07442683911
240500	121173.99089583683
240600	121176.11046258379
240700	121183.0029176489
240800	121192.76933114306
240900	121211.3282654324
241000	121233.01143981793
241100	121248.38450356311
241200	121276.26821261841
241300	121277.91934114973
241400	121274.24344628252
241500	121271.84105597422
241600	121279.46912693919
241700	121278.94780203378
241800	121303.17732965027
241900	121333.03857555412
242000	121378.58326979978
242100	121445.17929028146
242200	121515.15380490167
242300	121601.05184311897
242400	121678.2911159127
242500	121764.54328673107
242600	121865.21891810288
242700	121989.23195065277
242800	122132.54194946724
242900	122261.09059676898
243000	122401.64899359927
243100	122517.92752419552
243200	122639.00246048786
243300	122779.05846499166
243400	122900.30753594454
243500	123030.75649022819
243600	123155.60630667776
243700	123273.58274525758
243800	123369.93506747959
243900	123458.83130819928
244000	123576.24713180664
244100	123669.28285043468
244200	123755.39948185277
244300	123832.86032345676
244400	123896.46547857454
244500	123987.28238738605
244600	124097.34946319336
244700	124198.88653674026
244800	124305.27305506669
244900	124418.34345261518
245000	124540.4687465939
245100	124619.50558910733
245200	124683.15901577481
245300	124776.93439815441
245400	124870.54072331131
245500	124948.27166110772
245600	125023.28920606882
245700	125089.66088160759
245800	125159.59948748193
245900	125192.99451910508
246000	125210.03655856417
246100	125203.01048005102
246200	125195.5192735168
246300	125230.16786829926
246400	125248.75489024297
246500	125245.68353848135
246600	125226.95548691237
246700	125220.51351180946
246800	125247.74249976709
246900	125204.12312681842
247000	125192.72136767558
247100	125180.14507155692
247200	125100.22765289863
247300	125037.35618357368
247400	125047.65511275227
247500	125071.6941399321
247600	125120.34989175605
247700	125195.99774728922
247800	125223.29983891032
247900	125292.34046182396
248000	125289.06756697297
248100	125285.84775786227
248200	125288.59536944903
248300	125267.7507016712
248400	125234.33677855841
248500	125136.56150656933
248600	125010.93608184493
248700	124976.61514880988
248800	124950.9825457575
248900	124898.98812683455
249000	124730.7898603792
249100	124637.58157961098
249200	124509.75575029675
249300	124353.31769121683
249400	123940.67386805863
249500	123496.360323519
249600	123121.46769923437
249700	122420.61925206636
249800	121951.94632078399
249900	121779.29118633969
250000	121480.84974431247
