0	0.0
100	0.08504694642397226
200	0.16919167599189677
300	0.25378345995704876
400	0.3353371753109968
500	0.41260988987778546
600	0.4894078581201029
700	0.5702249887981452
800	0.6491811160667567
900	0.7271022233835538
1000	0.8068844247973175
1100	0.8847955885903502
1200	0.9587056853924878
1300	1.0298069583514007
1400	1.106598776044848
1500	1.185563398841623
1600	1.2629932356721838
1700	1.3413183710654266
1800	1.4195068892477138
1900	1.4982904903663439
2000	1.580197153132758
2100	1.6628792903065914
2200	1.7435135894629639
2300	1.8241778426527162
2400	1.9063611059282266
2500	1.9915356941855862
2600	2.0723314729148115
2700	2.152452361140604
2800	2.233414300284494
2900	2.311222389100294
3000	2.387033464940032
3100	2.465472995721939
3200	2.5431873411434935
3300	2.6186615540900675
3400	2.698810517304082
3500	2.776076177447976
3600	2.8527672548079863
3700	2.9275836268934654
3800	3.00113330642489
3900	3.077051138945535
4000	3.1541756215592613
4100	3.2326072816540545
4200	3.3100217593673733
4300	3.389048786702915
4400	3.468990958204813
4500	3.5463731077470584
4600	3.620685488855088
4700	3.6978149377355294
4800	3.7764235749164072
4900	3.856519319881045
5000	3.9368421723229403
5100	4.017351867620164
5200	4.098125632175652
5300	4.177111720920948
5400	4.258960205708718
5500	4.339696956853004
5600	4.42114964405846
5700	4.496183193408797
5800	4.568080711153016
5900	4.641652244758006
6000	4.719071544852341
6100	4.796988715366751
6200	4.873771412148926
6300	4.95288721902034
6400	5.033617995453824
6500	5.114451270743302
6600	5.19941189203746
6700	5.279744077044597
6800	5.3580135081138
6900	5.43567322277886
7000	5.514037952543731
7100	5.593049933504517
7200	5.676233488647995
7300	5.752715547816479
7400	5.825832662449102
7500	5.893909674254246
7600	5.964584781664598
7700	6.031895968477329
7800	6.097379603324953
7900	6.162608353432006
8000	6.226455223550147
8100	6.286645882377343
8200	6.342919566402998
8300	6.395841885354457
8400	6.4474551841267385
8500	6.498972066303395
8600	6.55578798186616
8700	6.613283334056177
8800	6.670859105626732
8900	6.726401598760276
9000	6.783951936940866
9100	6.842784191332612
9200	6.902455163683044
9300	6.960509952124994
9400	7.016246194030828
9500	7.067376270904788
9600	7.118749787579873
9700	7.171165023442882
9800	7.22316675444381
9900	7.272111559552286
10000	7.322999626903766
10100	7.373562777138432
10200	7.423100984407938
10300	7.4736727670169785
10400	7.522214335247554
10500	7.571119674434158
10600	7.621116719703423
10700	7.673378132436483
10800	7.726078701693041
10900	7.779325756891922
11000	7.829762354758714
11100	7.879797676763701
11200	7.9334033016893954
11300	7.98692047932127
11400	8.041211180345272
11500	8.098051083492464
11600	8.15310869044697
11700	8.208048153705022
11800	8.258964820066467
11900	8.308297463943745
12000	8.361435079921648
12100	8.418828393096192
12200	8.478556265636144
12300	8.539860856428277
12400	8.600472642567183
12500	8.660014540677366
12600	8.721146420277364
12700	8.779158081437345
12800	8.836031918217486
12900	8.896250075435091
13000	8.961126230879017
13100	9.027295728017634
13200	9.095546531076252
13300	9.16488353976456
13400	9.23445226640979
13500	9.304617195833998
13600	9.37682307203795
13700	9.452219950118888
13800	9.523662003110076
13900	9.601135688055365
14000	9.675011578223348
14100	9.748739918250067
14200	9.823941845825175
14300	9.894663370225317
14400	9.965079729157878
14500	10.035323277959833
14600	10.105737070603936
14700	10.181831029680325
14800	10.258740464454604
14900	10.338814964274206
15000	10.41947299313324
15100	10.496764555668051
15200	10.57720285103278
15300	10.660429626426776
15400	10.747248825722636
15500	10.832729290897987
15600	10.918219739731285
15700	11.001424594418495
15800	11.083038440105156
15900	11.16856855617516
16000	11.254542102375126
16100	11.349972625088412
16200	11.4459247831619
16300	11.539076526780264
16400	11.62764409643205
16500	11.719551519785455
16600	11.814278619898687
16700	11.908523363847053
16800	12.001602274955076
16900	12.097555613341683
17000	12.198297208567965
17100	12.295318117976421
17200	12.393899786329712
17300	12.488436072828335
17400	12.583518785348133
17500	12.676630990597914
17600	12.770223759885994
17700	12.859915202883712
17800	12.95090534233168
17900	13.041359897462826
18000	13.131407229615434
18100	13.221734224640386
18200	13.311850286285335
18300	13.404671474276256
18400	13.49712405524042
18500	13.588411307224305
18600	13.676207144162618
18700	13.759639151721785
18800	13.845402641603869
18900	13.930527488690132
19000	14.018526828007452
19100	14.104529248605104
19200	14.190247365946561
19300	14.275791979052883
19400	14.3599021339287
19500	14.442346997988352
19600	14.530603135233832
19700	14.620355526607455
19800	14.711631703514286
19900	14.802765542252018
20000	14.896580031359917
20100	14.986039864590566
20200	15.077314979516814
20300	15.16569887598962
20400	15.251703948546492
20500	15.339937739328889
20600	15.421233517572546
20700	15.49920680494688
20800	15.575859150663746
20900	15.65136043540042
21000	15.723919461172045
21100	15.797590267691703
21200	15.870129638762592
21300	15.941881660612125
21400	16.012570434413647
21500	16.081064712216175
21600	16.150208312821633
21700	16.22361415353589
21800	16.29770490208466
21900	16.371623208146048
22000	16.447815493775124
22100	16.5268423133748
22200	16.605019268630713
22300	16.683785015455214
22400	16.762968686893146
22500	16.840072542065172
22600	16.915569691278506
22700	16.989250474161963
22800	17.060957917386986
22900	17.133155887891917
23000	17.204903170277248
23100	17.27228311226645
23200	17.33869257925835
23300	17.407797697247588
23400	17.47891549447013
23500	17.5498768733014
23600	17.623246509363526
23700	17.697354462583462
23800	17.76835622528597
23900	17.83942137865597
24000	17.918584829534666
24100	17.993163163326244
24200	18.066054921611794
24300	18.139699141283927
24400	18.20563301079528
24500	18.269757053549256
24600	18.331902291665756
24700	18.387244748402736
24800	18.442053130795102
24900	18.49975359229211
25000	18.557015570597287
25100	18.615234895492904
25200	18.673839651968592
25300	18.738631531305145
25400	18.799851709267386
25500	18.86179225783053
25600	18.925182461618533
25700	18.983297040569596
25800	19.042796690289833
25900	19.099555798387883
26000	19.156131636642385
26100	19.21087528274802
26200	19.265861740925175
26300	19.31899850386617
26400	19.3728794331073
26500	19.425809578231565
26600	19.478076749976026
26700	19.53432937823891
26800	19.590595737299736
26900	19.647573008314794
27000	19.707047028387024
27100	19.76708068949665
27200	19.828938861235656
27300	19.891341625811037
27400	19.956120017297508
27500	20.025049232623132
27600	20.08976695846286
27700	20.155561255262
27800	20.219427994761645
27900	20.281254654266377
28000	20.348247886344325
28100	20.416688305656862
28200	20.48874308172526
28300	20.560749904689146
28400	20.634506923452136
28500	20.70914937323687
28600	20.78493419827646
28700	20.85947638748621
28800	20.933805790493352
28900	21.010032500576926
29000	21.08653396382215
29100	21.166551439826435
29200	21.247893840067263
29300	21.327707946551527
29400	21.410156217465556
29500	21.491973084019264
29600	21.572869821138738
29700	21.657021318151237
29800	21.743624471746443
29900	21.832824509710917
30000	21.920628447493073
30100	22.002495022235962
30200	22.08890248645912
30300	22.17461347409335
30400	22.26200065210287
30500	22.34843712079237
30600	22.43371772050159
30700	22.517746742123563
30800	22.600811787790008
30900	22.683170661115582
31000	22.763745528864092
31100	22.84735980093683
31200	22.928090573481313
31300	23.010394752313005
31400	23.09073152727433
31500	23.17516102299487
31600	23.25898321470231
31700	23.34384680383664
31800	23.430697257921565
31900	23.52043684446471
32000	23.60972181201214
32100	23.699564725004166
32200	23.788602847100265
32300	23.880809997208416
32400	23.97149254193573
32500	24.06222395299119
32600	24.149384815846133
32700	24.234350773884216
32800	24.320273933266435
32900	24.410160311414074
33000	24.50139697945633
33100	24.591826977477467
33200	24.68072477712485
33300	24.77283369970246
33400	24.86545065604878
33500	24.956873122580873
33600	25.05010125129411
33700	25.14041110373364
33800	25.231206990767532
33900	25.32086644515948
34000	25.411319649439974
34100	25.499465045457328
34200	25.59091116102354
34300	25.68374707262774
34400	25.776718332032033
34500	25.871881857849075
34600	25.967750557574618
34700	26.063409549089556
34800	26.157105815840623
34900	26.252229661269666
35000	26.34722984668042
35100	26.44230509690533
35200	26.539966604257643
35300	26.640278188515367
35400	26.73608338520353
35500	26.8296947291783
35600	26.924931595007365
35700	27.02280696276648
35800	27.117002327715454
35900	27.212942245776503
36000	27.30874274408052
36100	27.407418094968307
36200	27.504362411327747
36300	27.59805125483399
36400	27.6942543769037
36500	27.794009007440764
36600	27.893916842858744
36700	27.995002944058797
36800	28.096600087323168
36900	28.197867735689215
37000	28.292064887853485
37100	28.382328227315156
37200	28.467972960301267
37300	28.554553222893446
37400	28.640926314285025
37500	28.724475517406972
37600	28.806114499271644
37700	28.888018263907725
37800	28.974775260481692
37900	29.056461235257302
38000	29.139058082844713
38100	29.219351740641287
38200	29.301979667037813
38300	29.38120759287267
38400	29.4629995774485
38500	29.544513964192447
38600	29.62914865222774
38700	29.71505358275681
38800	29.795724787327345
38900	29.875024466728064
39000	29.953655918023287
39100	30.030143285552185
39200	30.11057360229097
39300	30.18488282391627
39400	30.26273375140954
39500	30.34058169677519
39600	30.418716445925384
39700	30.496339009179792
39800	30.574224158561265
39900	30.652319158056343
40000	30.733565637292486
40100	30.81320490768485
40200	30.891405103440775
40300	30.96758635423248
40400	31.048401535834273
40500	31.134537100209855
40600	31.223421924620197
40700	31.311346907965344
40800	31.397211105348106
40900	31.481290198280476
41000	31.564388785798656
41100	31.648032308308757
41200	31.732162034091743
41300	31.821484512704046
41400	31.911744890265254
41500	32.001917180528835
41600	32.09551163784272
41700	32.189175011531916
41800	32.282505477021914
41900	32.37365966332436
42000	32.467722893456084
42100	32.56320594073986
42200	32.660791009791865
42300	32.75930764133955
42400	32.85778828570983
42500	32.95529131855801
42600	33.053649107278034
42700	33.15497716711252
42800	33.255503090378625
42900	33.354820070857386
43000	33.4566686154285
43100	33.55667250481201
43200	33.65884349064436
43300	33.758826473182125
43400	33.85278453227511
43500	33.94842320871976
43600	34.04361407024771
43700	34.13808514402626
43800	34.23568975868329
43900	34.33317607436766
44000	34.43245963205845
44100	34.52704784890375
44200	34.62296619548215
44300	34.719542907725554
44400	34.82315805030157
44500	34.931071368817356
44600	35.03781104936934
44700	35.14443353169918
44800	35.25075286372521
44900	35.35705673782286
45000	35.46191033620926
45100	35.564089416529896
45200	35.663611604340986
45300	35.76166625749829
45400	35.86343022888832
45500	35.961526885945204
45600	36.06259334285642
45700	36.16276214594109
45800	36.25751037407099
45900	36.35501448707146
46000	36.44972310335652
46100	36.5452510364521
46200	36.63819043699914
46300	36.73249927775396
46400	36.82791309594904
46500	36.9221111659499
46600	37.01351864760363
46700	37.11131757740077
46800	37.208036334977805
46900	37.30726809742919
47000	37.40440885320277
47100	37.501608051788935
47200	37.59740681549374
47300	37.6961296754489
47400	37.79419636544117
47500	37.88954210930024
47600	37.98178925877437
47700	38.0762674467951
47800	38.165744149137026
47900	38.25575894759095
48000	38.34410701359957
48100	38.43666271683469
48200	38.528039917782735
48300	38.6154748519366
48400	38.706643309164065
48500	38.796918121101044
48600	38.8861851078982
48700	38.97768179673585
48800	39.0687818493825
48900	39.159458154270396
49000	39.248154198983684
49100	39.33719666738034
49200	39.42354935732874
49300	39.50287086903336
49400	39.58313899786299
49500	39.66966329650677
49600	39.75719508347538
49700	39.84661322199463
49800	39.9344536879762
49900	40.019953689657996
50000	40.106752587300434
50100	40.19691281152336
50200	40.28338046335193
50300	40.37211270023545
50400	40.45882074765541
50500	40.546117087302264
50600	40.63367546880181
50700	40.71826473083638
50800	40.80310322744481
50900	40.88972753144844
51000	40.97429697584084
51100	41.05998230212208
51200	41.146411122415884
51300	41.234199899114174
51400	41.32458115963527
51500	41.420066998620314
51600	41.514068983080506
51700	41.60843581986046
51800	41.698626516677905
51900	41.795028897045995
52000	41.891961499637546
52100	41.98742505034534
52200	42.08624859572228
52300	42.18441868188529
52400	42.28714348459107
52500	42.392589782313735
52600	42.49799105482816
52700	42.606432048905845
52800	42.716689378925366
52900	42.82581215560276
53000	42.93352024499836
53100	43.03672052517868
53200	43.14223110039529
53300	43.24431475179881
53400	43.3473659470219
53500	43.4508152377166
53600	43.549828199549665
53700	43.65092842301965
53800	43.75716027929229
53900	43.86131077014943
54000	43.96451160300421
54100	44.061265550091775
54200	44.15498905985805
54300	44.250935228268645
54400	44.34899919983218
54500	44.44803693365611
54600	44.551587238402135
54700	44.65104561001135
54800	44.75023760887052
54900	44.850798548886814
55000	44.95335463061565
55100	45.05699101349819
55200	45.162837819501874
55300	45.26323255960233
55400	45.36530729896913
55500	45.466624129465345
55600	45.571845195940114
55700	45.67290780223266
55800	45.77798606637589
55900	45.88525720096368
56000	45.997386598526646
56100	46.116287557117175
56200	46.23600427999918
56300	46.35357505845968
56400	46.46847050988072
56500	46.584087610433926
56600	46.69546923253438
56700	46.8090481608815
56800	46.92795505036338
56900	47.04733383245548
57000	47.16839408517626
57100	47.28925161645748
57200	47.407748301888205
57300	47.52291126354248
57400	47.63563898652865
57500	47.751657379711105
57600	47.87089305853806
57700	47.99479395731032
57800	48.12068662443562
57900	48.247328572168044
58000	48.37891747843969
58100	48.51158446739282
58200	48.64216358200429
58300	48.7736260514248
58400	48.90692491976006
58500	49.04030781899928
58600	49.17325028189953
58700	49.30751367398625
58800	49.44164037585142
58900	49.57284621166036
59000	49.70380607716652
59100	49.83471578902754
59200	49.96669500871212
59300	50.09989998460151
59400	50.232213038059854
59500	50.36483847533236
59600	50.498162180691
59700	50.637532489672594
59800	50.77853350596706
59900	50.91910045642362
60000	51.05672175872678
60100	51.19757715713786
60200	51.34274041949175
60300	51.487592351073545
60400	51.63273302567541
60500	51.77914313973815
60600	51.92146896264967
60700	52.05871826803923
60800	52.19656984152607
60900	52.336222968577204
61000	52.47888202008835
61100	52.6204529851384
61200	52.763155373188056
61300	52.90483274576036
61400	53.04403014939817
61500	53.18322192820051
61600	53.325865080780204
61700	53.471173082765745
61800	53.62012145287372
61900	53.77407727260652
62000	53.9238590928544
62100	54.071503004834085
62200	54.21888604809283
62300	54.36775852749997
62400	54.521644334861776
62500	54.67849786835359
62600	54.836308176236344
62700	54.99365365318954
62800	55.151170623543294
62900	55.31193887465997
63000	55.468694599923765
63100	55.61986613471527
63200	55.768198189965915
63300	55.917570628025715
63400	56.06893375236905
63500	56.219091291728546
63600	56.36571728456693
63700	56.51224403785454
63800	56.65688811434302
63900	56.8020327131926
64000	56.944915275733365
64100	57.083994282846106
64200	57.21941312790659
64300	57.35310682376439
64400	57.48531610555801
64500	57.617373930839676
64600	57.74950212195108
64700	57.882107410147
64800	58.018326607667404
64900	58.14874142444023
65000	58.27816221155081
65100	58.407201211724896
65200	58.54186459352786
65300	58.67193262472574
65400	58.80672362268524
65500	58.9427817136675
65600	59.07682622769062
65700	59.20710285210225
65800	59.337584136854275
65900	59.46478247426421
66000	59.58900144602376
66100	59.71671232369408
66200	59.84059872142825
66300	59.9659101600555
66400	60.09267541796362
66500	60.217599539606454
66600	60.34174482189701
66700	60.466867244191235
66800	60.595770602769335
66900	60.72319323003467
67000	60.85393470813142
67100	60.9813791445813
67200	61.109649757054285
67300	61.23978316728608
67400	61.37412073203086
67500	61.510951388441754
67600	61.64768916019966
67700	61.78098556384066
67800	61.90963201536579
67900	62.0390530965451
68000	62.167329144776886
68100	62.293707567689125
68200	62.41762424181434
68300	62.544467036499555
68400	62.67357943867319
68500	62.80217260358768
68600	62.927772413240746
68700	63.05782875562363
68800	63.19245370747376
68900	63.3238949481638
69000	63.45605754621283
69100	63.58935894810202
69200	63.72038246217198
69300	63.84792454538547
69400	63.96773689092879
69500	64.08615061403907
69600	64.20935492757417
69700	64.331533012406
69800	64.45449583548907
69900	64.57986158121639
70000	64.70752084852938
70100	64.83073111020349
70200	64.9514847694918
70300	65.07364659927043
70400	65.19824230109953
70500	65.31640838603562
70600	65.4342235770564
70700	65.54986267697313
70800	65.6651850954695
70900	65.78230152248943
71000	65.90044792220215
71100	66.01676173284432
71200	66.13363314378512
71300	66.24960915381234
71400	66.36785240589961
71500	66.48828300289824
71600	66.61011121386764
71700	66.73122785218948
71800	66.85186225000871
71900	66.97142247967713
72000	67.08535831544941
72100	67.19792598759886
72200	67.31151794712059
72300	67.42405759585017
72400	67.53482102537964
72500	67.63991551592335
72600	67.74388662995261
72700	67.84429168663337
72800	67.94518538428383
72900	68.04930476761729
73000	68.15067980007734
73100	68.25199149331456
73200	68.35060974573571
73300	68.45713269551925
73400	68.56407451253835
73500	68.67401366925696
73600	68.78745880658244
73700	68.90046484357299
73800	69.01289479788102
73900	69.12002271308666
74000	69.2222100706349
74100	69.3212590109033
74200	69.41849497153817
74300	69.51683296266856
74400	69.6142518593806
74500	69.71135110809337
74600	69.81027148480644
74700	69.90739223775745
74800	70.00690151923482
74900	70.10275768302017
75000	70.20670021973638
75100	70.30898765066377
75200	70.41102176021013
75300	70.50937780258755
75400	70.60126121952271
75500	70.69871529374723
75600	70.80333830036034
75700	70.91087960916411
75800	71.02059197141352
75900	71.1310486326729
76000	71.24357334332672
76100	71.35954081418458
76200	71.47338245024366
76300	71.588573795314
76400	71.7136499986591
76500	71.84160217396129
76600	71.97382953931447
76700	72.10246616698714
76800	72.22830193588015
76900	72.35231294015102
77000	72.47606760180133
77100	72.60397668770747
77200	72.72852129962484
77300	72.85099257434558
77400	72.97931591231827
77500	73.10731243295231
77600	73.2381433005794
77700	73.38448700811568
77800	73.53255490291122
77900	73.68394418202661
78000	73.83591675760908
78100	73.9848635657363
78200	74.12967360822222
78300	74.27413007453288
78400	74.42023895188686
78500	74.56680510583465
78600	74.71200815807606
78700	74.85287989767312
78800	74.99294722806735
78900	75.13096508119634
79000	75.27516136519625
79100	75.41318376574054
79200	75.54996373852919
79300	75.69163295738326
79400	75.83414151619945
79500	75.97731125736755
79600	76.1196172949567
79700	76.26648676988407
79800	76.41931216226658
79900	76.57640356286356
80000	76.7370390034921
80100	76.89225011654344
80200	77.03975662541416
80300	77.18831404725643
80400	77.33363733316219
80500	77.47643120372959
80600	77.62722249418948
80700	77.77899722903021
80800	77.93087366045438
80900	78.07915743614285
81000	78.22008721941165
81100	78.35927634843392
81200	78.49712772496059
81300	78.63137710746378
81400	78.76351443125895
81500	78.88986936592119
81600	79.01721577893477
81700	79.14007878839766
81800	79.26361414431449
81900	79.39136443784082
82000	79.51600047482498
82100	79.64114534645341
82200	79.76174935165545
82300	79.88224347699361
82400	79.99853817839903
82500	80.11614338743311
82600	80.23130439591114
82700	80.34757665544748
82800	80.47149249625
82900	80.59700836293996
83000	80.71535957982996
83100	80.83566377414172
83200	80.9532434525645
83300	81.07003361937313
83400	81.18545602587255
83500	81.29837879727711
83600	81.41773158569413
83700	81.53568119923511
83800	81.64820096972471
83900	81.76504793404092
84000	81.86861175918239
84100	81.97769484101445
84200	82.08800153652192
84300	82.19996089324559
84400	82.31549947775056
84500	82.43679652216088
84600	82.55977735023771
84700	82.68519053696218
84800	82.81940034569561
84900	82.94721678561473
85000	83.07667610611679
85100	83.20362031199329
85200	83.33060633338027
85300	83.45315814454807
85400	83.57058244650034
85500	83.68932424393643
85600	83.80845634875004
85700	83.93240751776102
85800	84.05689328145672
85900	84.17717913129673
86000	84.2971097728223
86100	84.41651037758493
86200	84.54210063355276
86300	84.66286304065216
86400	84.78342242012513
86500	84.90495734205979
86600	85.02796513893918
86700	85.1551295328245
86800	85.29028141348317
86900	85.42709286146783
87000	85.5585424705605
87100	85.69672913388786
87200	85.83696801996484
87300	85.98519545653107
87400	86.13504670363909
87500	86.28555411200796
87600	86.43486633808789
87700	86.57848708696838
87800	86.72407289401235
87900	86.86767727097686
88000	87.01010624957416
88100	87.15225056903364
88200	87.29028995066619
88300	87.4311036914005
88400	87.57379843534
88500	87.7159120104443
88600	87.86494542456057
88700	88.01798944115217
88800	88.17152882904702
88900	88.32444850034517
89000	88.47998410937362
89100	88.63852978609793
89200	88.79568517148073
89300	88.94944387985015
89400	89.0974954209778
89500	89.24910688022646
89600	89.40487493031469
89700	89.55948918326976
89800	89.71450223026477
89900	89.8684155515366
90000	90.02302990895623
90100	90.17107426962684
90200	90.32005909354848
90300	90.46866515822694
90400	90.6173039521127
90500	90.76877525800955
90600	90.92951125816035
90700	91.08838050080521
90800	91.24595671032876
90900	91.40296883758492
91000	91.5668401873736
91100	91.73743489320623
91200	91.90451589955774
91300	92.07002865184404
91400	92.23878981306552
91500	92.41676871139498
91600	92.58943261244349
91700	92.75665267543445
91800	92.92182481587588
91900	93.0910589754094
92000	93.26436574773106
92100	93.43908485530119
92200	93.61470739886136
92300	93.79741728170848
92400	93.98663641791791
92500	94.17107916614259
92600	94.36631521233357
92700	94.56002037215512
92800	94.75644840822861
92900	94.95110767783626
93000	95.14457735782344
93100	95.3390520412031
93200	95.52798368216827
93300	95.71453628576273
93400	95.90069832617519
93500	96.0931861461795
93600	96.29099822652279
93700	96.49261590545575
93800	96.69038262713002
93900	96.885707756177
94000	97.07882609033913
94100	97.27161877555773
94200	97.46369815031358
94300	97.65851060498244
94400	97.85427562010227
94500	98.04638519421133
94600	98.2351454924792
94700	98.41879594870261
94800	98.59925992444187
94900	98.77679047585843
95000	98.95591419316042
95100	99.13637874645065
95200	99.31629193003391
95300	99.49873830823708
95400	99.68388247244366
95500	99.85542676916157
95600	100.02644481495736
95700	100.20216683714898
95800	100.38033171861389
95900	100.56789462761299
96000	100.75180442304554
96100	100.93782171516068
96200	101.1209136284233
96300	101.29371012332194
96400	101.47343272000217
96500	101.6607149454212
96600	101.84688273067877
96700	102.03344481120439
96800	102.22356506733922
96900	102.41032811303012
97000	102.5916027498497
97100	102.77344789585186
97200	102.95655914384406
97300	103.13904275228197
97400	103.32251000513133
97500	103.51561252393367
97600	103.70536051143426
97700	103.90051165534896
97800	104.09197186339588
97900	104.27882062043136
98000	104.4651587196604
98100	104.65643786393775
98200	104.85137083449445
98300	105.04983163932411
98400	105.2500199809474
98500	105.45534899963968
98600	105.66507424866722
98700	105.88285876647205
98800	106.09930344512395
98900	106.31941393575835
99000	106.53733245797048
99100	106.75750301764128
99200	106.97642103107864
99300	107.19724944770496
99400	107.4179653258725
99500	107.64634019600999
99600	107.87373530465993
99700	108.10009948405059
99800	108.32075195389552
99900	108.54042347553332
100000	108.75759223938803
100100	108.97518090460653
100200	109.19118534064182
100300	109.39837869561234
100400	109.60822724150785
100500	109.81535722869012
100600	110.02238257584031
100700	110.2280038407007
100800	110.42953750660308
100900	110.6285536185278
101000	110.83131306114228
101100	111.02869616580574
101200	111.22381138243509
101300	111.42281537481176
101400	111.61753449550815
101500	111.80998773299143
101600	112.0073976339554
101700	112.2049102371675
101800	112.40021681962025
101900	112.600498576674
102000	112.80415654242097
102100	113.0009259055114
102200	113.20611722177637
102300	113.40995805285274
102400	113.61194435606376
102500	113.81256200548523
102600	114.01504239225324
102700	114.21608367524823
102800	114.42322559910099
102900	114.63724728660964
103000	114.85762585723569
103100	115.07510632189587
103200	115.29410755452773
103300	115.51007690695042
103400	115.72534138631818
103500	115.94170605745603
103600	116.16127515051267
103700	116.38104530694545
103800	116.60867402107397
103900	116.84161048134047
104000	117.07551325677196
104100	117.30310511857533
104200	117.53133753642032
104300	117.76023397020253
104400	117.99210369271896
104500	118.2243300081027
104600	118.45916856555777
104700	118.69911513913394
104800	118.93493665292772
104900	119.16920177237262
105000	119.40003349377366
105100	119.62624153809156
105200	119.85250109879053
105300	120.07616872531071
105400	120.29724812401764
105500	120.51774243293403
105600	120.7412119665787
105700	120.96111543243023
105800	121.18037126413037
105900	121.40002567649935
106000	121.62240983219453
106100	121.84781649837532
106200	122.0709250001346
106300	122.28961440705098
106400	122.50644047520473
106500	122.72149602543868
106600	122.93652574476437
106700	123.15453913112287
106800	123.36794195233233
106900	123.57657597352227
107000	123.78924092368106
107100	123.99868597235036
107200	124.20602068627704
107300	124.40543411132603
107400	124.60310647258302
107500	124.80644351109004
107600	125.01078209834668
107700	125.21248318824291
107800	125.41116870022961
107900	125.61642671458321
108000	125.82814062636317
108100	126.0355012994005
108200	126.24283900976297
108300	126.45224827885613
108400	126.66133308317512
108500	126.86975325736057
108600	127.08195988619627
108700	127.3007730753452
108800	127.52734666640026
108900	127.7576266863216
109000	127.98558793789562
109100	128.2152953562836
109200	128.44282801978625
109300	128.67533020114206
109400	128.90989749670916
109500	129.15146124296007
109600	129.39547526470778
109700	129.64364337340157
109800	129.88205504073267
109900	130.12358075348675
110000	130.36968462709774
110100	130.6098566480723
110200	130.8491133312018
110300	131.0812485751194
110400	131.30963763975888
110500	131.54172311527145
110600	131.7635359601736
110700	131.9850541751439
110800	132.20296432651594
110900	132.41652540441282
111000	132.62886533140045
111100	132.84172049150948
111200	133.05769164615413
111300	133.28256250837148
111400	133.49767933097974
111500	133.71529224824917
111600	133.92085075980867
111700	134.13499996997416
111800	134.34914652186126
111900	134.56666807766305
112000	134.77441805274793
112100	134.98062953888075
112200	135.18610583700138
112300	135.39592231533243
112400	135.59795536342426
112500	135.80132468724332
112600	136.0069194324933
112700	136.20916699753434
112800	136.40613368928462
112900	136.60635769831788
113000	136.8027821007563
113100	136.99475082812933
113200	137.18700632444597
113300	137.3776299726378
113400	137.5770959422225
113500	137.77873364117477
113600	137.9776010427413
113700	138.16949032620687
113800	138.35751490803523
113900	138.54277416202603
114000	138.73183873857488
114100	138.92531693448473
114200	139.12511770740093
114300	139.3256395808312
114400	139.53253179239618
114500	139.73112526238037
114600	139.92501947517667
114700	140.12237558797278
114800	140.31650412450836
114900	140.50443156470646
115000	140.69245261182732
115100	140.87819335377935
115200	141.0549769494537
115300	141.2299960035889
115400	141.40391432177785
115500	141.5820773715859
115600	141.75684694461597
115700	141.9304168969138
115800	142.10591153658606
115900	142.28125180118514
116000	142.45389850491483
116100	142.6237756049486
116200	142.7969616070004
116300	142.96956419050912
116400	143.14276507943578
116500	143.31902236861788
116600	143.49017740869385
116700	143.65565860398783
116800	143.8234756622478
116900	143.99329368240433
117000	144.1717381945855
117100	144.34202219105282
117200	144.51465998706044
117300	144.68591556276806
117400	144.85068692541608
117500	145.01595283937058
117600	145.187075323327
117700	145.35747151149553
117800	145.52759679678275
117900	145.69904615568885
118000	145.86302441944645
118100	146.0310764298447
118200	146.20212483038267
118300	146.37801403435878
118400	146.56112682753155
118500	146.7402825416939
118600	146.91197853541962
118700	147.08665978843055
118800	147.26910676827902
118900	147.45307342125307
119000	147.64430579926557
119100	147.83415345963658
119200	148.01251802049956
119300	148.19743890874452
119400	148.38214886171772
119500	148.567111667453
119600	148.75894299494757
119700	148.9503551709422
119800	149.1461096004241
119900	149.33960107351595
120000	149.5298232837158
120100	149.72045309903478
120200	149.9088573657973
120300	150.0997642311704
120400	150.27829245046087
120500	150.4646953625379
120600	150.64943786584263
120700	150.83963257573123
120800	151.0295104869947
120900	151.22392844400747
121000	151.40839568139927
121100	151.5961206590291
121200	151.79321783717387
121300	151.98599083300724
121400	152.1801037894511
121500	152.36511935288945
121600	152.54836854836321
121700	152.72253069641374
121800	152.899791263917
121900	153.07991617174412
122000	153.25791484008369
122100	153.43235769140665
122200	153.60216200595823
122300	153.77005303916303
122400	153.94167527915488
122500	154.1127267429947
122600	154.28031066874246
122700	154.44806579962824
122800	154.61292914942896
122900	154.77994451994164
123000	154.94730095632258
123100	155.11483959858379
123200	155.28899154647297
123300	155.46613560419064
123400	155.6461510466761
123500	155.82686577130153
123600	156.00725816655176
123700	156.1856199230897
123800	156.35776018207252
123900	156.5293338540032
124000	156.6995217525473
124100	156.87470873228085
124200	157.0413924263412
124300	157.20971621390345
124400	157.3698953023304
124500	157.5394499733884
124600	157.72327818459598
124700	157.90838115198494
124800	158.0888299543476
124900	158.265090655721
125000	158.4463716166938
125100	158.62460107503648
125200	158.80035653612867
125300	158.97577989198908
125400	159.1623339353282
125500	159.3501551924419
125600	159.53807540036723
125700	159.72570647285102
125800	159.91249257798336
125900	160.0966027663817
126000	160.27625481810173
126100	160.45030579272498
126200	160.62573360054375
126300	160.79813796417147
126400	160.9738039283693
126500	161.15040904189664
126600	161.32485991330032
126700	161.49034658552046
126800	161.6519475235691
126900	161.81645467201452
127000	161.97915289364028
127100	162.14925818197298
127200	162.3176224998133
127300	162.48263239490916
127400	162.64508770997782
127500	162.80305809580386
127600	162.96039418918735
127700	163.1166213866927
127800	163.28176400917437
127900	163.45358462324293
128000	163.62205514889865
128100	163.78945348766865
128200	163.96121883515661
128300	164.12560408167337
128400	164.28685778925865
128500	164.4337043805317
128600	164.57526578004035
128700	164.72210470368736
128800	164.86499380927853
128900	165.0024711046317
129000	165.13135702946238
129100	165.27107057249668
129200	165.4198993323953
129300	165.56043953830522
129400	165.70798607922552
129500	165.84636912788483
129600	165.98072563323876
129700	166.09671703672575
129800	166.20388258169987
129900	166.31682581370478
130000	166.4436130014874
130100	166.5744347449945
130200	166.70517901455605
130300	166.8384552121679
130400	166.97058184241905
130500	167.10089115325536
130600	167.21802577767812
130700	167.33427656464482
130800	167.46346841566628
130900	167.60736196030848
131000	167.7569659481378
131100	167.90194075037653
131200	168.05908579641255
131300	168.21256786753293
131400	168.36029270123618
131500	168.51457591411963
131600	168.66675720807325
131700	168.82553049113267
131800	168.97960268273164
131900	169.13647888618652
132000	169.2837856920014
132100	169.4334156109362
132200	169.58906639518682
132300	169.75032224842653
132400	169.90852100219854
132500	170.08303066078952
132600	170.25362205506826
132700	170.42711610103652
132800	170.59419042104128
132900	170.7549800203451
133000	170.90662614256507
133100	171.05267998119598
133200	171.19759759051158
133300	171.341731684377
133400	171.49037598821087
133500	171.63341001077424
133600	171.77877161324068
133700	171.9144587827759
133800	172.0485534150357
133900	172.18159813144666
134000	172.30910258788936
134100	172.45057493381682
134200	172.59592865139348
134300	172.7381547194782
134400	172.88112943646775
134500	173.03321452561795
134600	173.1773340833388
134700	173.3275844249365
134800	173.4667747183048
134900	173.59940768255183
135000	173.72843307343646
135100	173.8508106183399
135200	173.97852742938267
135300	174.10717086757722
135400	174.22802113231955
135500	174.358683342336
135600	174.48246671319066
135700	174.61391011578235
135800	174.7611555807889
135900	174.89870057711232
136000	175.02825888863663
136100	175.14906118776707
136200	175.26989582864553
136300	175.39620655633553
136400	175.51504698448844
136500	175.63753119240573
136600	175.77100979763054
136700	175.92085417843555
136800	176.06586146677728
136900	176.2128013902584
137000	176.36850203076756
137100	176.52999472399824
137200	176.68879403231767
137300	176.85656492531052
137400	177.0183750015567
137500	177.17346612326583
137600	177.33204209870746
137700	177.49562379714553
137800	177.6656585918754
137900	177.84683353179935
138000	178.03159276750375
138100	178.21896918555285
138200	178.40680093394258
138300	178.5909062491155
138400	178.76962156201625
138500	178.9537240182508
138600	179.14356942045924
138700	179.33195815608633
138800	179.51867788672462
138900	179.70923637075975
139000	179.8901611172514
139100	180.06958715706423
139200	180.24910952039863
139300	180.42068786974778
139400	180.5959583709082
139500	180.771990580517
139600	180.959524474707
139700	181.14114670391064
139800	181.3200683240575
139900	181.49795388658822
140000	181.677138712319
140100	181.848724441581
140200	182.02313354861326
140300	182.19429006585415
140400	182.36111709614124
140500	182.53288967168191
140600	182.70134325435356
140700	182.86287611527223
140800	183.01873970029192
140900	183.18201358871738
141000	183.3470987871733
141100	183.51154244224017
141200	183.67806578264208
141300	183.8368623474089
141400	183.9774966123441
141500	184.11437759606997
141600	184.24081788248077
141700	184.36326654440927
141800	184.48891328857644
141900	184.61528482800713
142000	184.741598496621
142100	184.8570268696567
142200	184.96314933810208
142300	185.07524906297112
142400	185.19580022881564
142500	185.31422588721762
142600	185.4302263364625
142700	185.5476241172837
142800	185.66198677229113
142900	185.7820860311149
143000	185.9023886893956
143100	186.03024828901835
143200	186.15809141697173
143300	186.28308845715947
143400	186.39437062670186
143500	186.51235699931203
143600	186.62046806970102
143700	186.72615786884126
143800	186.83578024259987
143900	186.94095218845177
144000	187.05018450521675
144100	187.1582362566187
144200	187.26201854415194
144300	187.36317176114608
144400	187.47486528781155
144500	187.59417041667257
144600	187.70908837930256
144700	187.83037398823944
144800	187.9477875081502
144900	188.052827491465
145000	188.15665006283234
145100	188.2644878320716
145200	188.36780058317163
145300	188.47163501313116
145400	188.57678731045598
145500	188.67905141693336
145600	188.7701554772757
145700	188.85827908986175
145800	188.93997687259252
145900	189.02703146639396
146000	189.10838135064841
146100	189.19211712705874
146200	189.26942366514413
146300	189.34658335394124
146400	189.4291191625598
146500	189.51281467965964
146600	189.57827282632934
146700	189.64342529974965
146800	189.71109306348808
146900	189.78899666213692
147000	189.87580200947923
147100	189.9562602085789
147200	190.04040658807207
147300	190.1368914221639
147400	190.23220528128877
147500	190.31254095986515
147600	190.39588411130535
147700	190.49201388191432
147800	190.58938248407503
147900	190.6886174790925
148000	190.76715258090917
148100	190.8427033785265
148200	190.92023787017024
148300	190.9939580469836
148400	191.0476240313874
148500	191.08952233184027
148600	191.12928361394734
148700	191.17598736233413
148800	191.2159418711526
148900	191.251982662292
149000	191.27980452932388
149100	191.31157148944112
149200	191.3474638780026
149300	191.38428569485404
149400	191.41600616144933
149500	191.45026109591345
149600	191.47465071781698
149700	191.48285307918195
149800	191.5007590779569
149900	191.5223885182204
150000	191.53493700406034
150100	191.5655503551352
150200	191.60103014311971
150300	191.62388769846075
150400	191.63977774524392
150500	191.65452112831917
150600	191.6644922887608
150700	191.6670928680178
150800	191.6671511258901
150900	191.67116650739263
151000	191.68528545493245
151100	191.71672048286928
151200	191.7261884459149
151300	191.71665527465666
151400	191.70772317977753
151500	191.70733533606108
151600	191.72094150973862
151700	191.73215999904278
151800	191.7352066491585
151900	191.73182397384153
152000	191.7455933226811
152100	191.75736454311118
152200	191.77166782431595
152300	191.80589592440083
152400	191.84375482834366
152500	191.88340933781365
152600	191.91028473297047
152700	191.94447345973094
152800	191.98304362009367
152900	192.02595975558143
153000	192.06638220217792
153100	192.10529911634512
153200	192.15439970055377
153300	192.2070971965768
153400	192.25373945646425
153500	192.29945025718553
153600	192.34012306713703
153700	192.3899138102206
153800	192.45592937245965
153900	192.52489592603888
154000	192.594701108148
154100	192.66327505715162
154200	192.73186200047348
154300	192.78502637794736
154400	192.83321990247714
154500	192.8645743861416
154600	192.89665307179166
154700	192.9354304192275
154800	192.97713647770797
154900	193.0142062498744
155000	193.03208117339454
155100	193.0536220009999
155200	193.0664606736209
155300	193.08414427363823
155400	193.11369621707854
155500	193.155184527026
155600	193.20871964085745
155700	193.2498565329006
155800	193.28963989897966
155900	193.32556053609005
156000	193.3697399607663
156100	193.4184132040864
156200	193.47329458362947
156300	193.51015862765416
156400	193.53609128883545
156500	193.54686616231265
156600	193.56512675925842
156700	193.55176642022343
156800	193.5363610163804
156900	193.51426230205107
157000	193.49893516604425
157100	193.4819577402668
157200	193.46827757076608
157300	193.46820007231145
157400	193.47453938881154
157500	193.4843203285527
157600	193.4984035839334
157700	193.50747061311995
157800	193.52046841903575
157900	193.53278148706886
158000	193.52696446853224
158100	193.51143255979696
158200	193.51288857387044
158300	193.50271604081354
158400	193.49369384532474
158500	193.47953913865422
158600	193.45802614186323
158700	193.43516406290655
158800	193.40543699762202
158900	193.369322403978
159000	193.33694815599665
159100	193.29070688751017
159200	193.2501777322359
159300	193.22421921468776
159400	193.19279158552308
159500	193.17370363876398
159600	193.15354656782074
159700	193.13223096408183
159800	193.10421689171926
159900	193.07781788564898
160000	193.0509166241136
160100	193.02691762452014
160200	193.00569975453254
160300	192.9788363617372
160400	192.95219773361168
160500	192.93828228449638
160600	192.92277583302348
160700	192.9047766762087
160800	192.89075489986863
160900	192.87584638664703
161000	192.85887723592896
161100	192.83844555838004
161200	192.81733699369943
161300	192.8038967978173
161400	192.77181833171562
161500	192.7244240256332
161600	192.6724090686148
161700	192.62979336797798
161800	192.60707029933474
161900	192.59350537461432
162000	192.58150466722873
162100	192.5649461910507
162200	192.55004943670428
162300	192.5454145932672
162400	192.55397550149064
162500	192.56009716490007
162600	192.56922438758193
162700	192.5623268813688
162800	192.54614083297201
162900	192.51707648294177
163000	192.49878782660744
163100	192.49104620378785
163200	192.47421392559045
163300	192.45332308308934
163400	192.42175953938568
163500	192.38213379781882
163600	192.35388299353508
163700	192.31827926003825
163800	192.28150679211467
163900	192.23480553481932
164000	192.18824030522228
164100	192.14893658164874
164200	192.10427253836679
164300	192.06020598506075
164400	192.02672056499432
164500	192.00278090508436
164600	191.97345566063814
164700	191.94713785377462
164800	191.9322761026051
164900	191.92134884408733
165000	191.91787678004766
165100	191.92740622887504
165200	191.91461677339976
165300	191.90035980948596
165400	191.89647097806665
165500	191.89146631218318
165600	191.89021063827386
165700	191.88946405737806
165800	191.89355700466695
165900	191.89537668325283
166000	191.90765208185985
166100	191.93372326972167
166200	191.9689060337114
166300	192.00226018795365
166400	192.03269172169166
166500	192.04796200062265
166600	192.06394926824578
166700	192.10945126520528
166800	192.16170889400382
166900	192.2111220296356
167000	192.26407527022093
167100	192.32291760484077
167200	192.37316023799576
167300	192.42889030035803
167400	192.4870781241989
167500	192.5562227372393
167600	192.62856888086753
167700	192.70087489650177
167800	192.76432329314412
167900	192.8236424338793
168000	192.89871497547938
168100	192.95390968231732
168200	193.00890040977538
168300	193.06072763854536
168400	193.1199010436212
168500	193.18301977284136
168600	193.25322217810026
168700	193.3265863323868
168800	193.41054910553794
168900	193.5047025002059
169000	193.60690045512456
169100	193.73677971971847
169200	193.86394389311317
169300	194.0043757168787
169400	194.14261014856675
169500	194.2858925521432
169600	194.4354089357039
169700	194.57714986029896
169800	194.7110167734354
169900	194.82760549362138
170000	194.93152894089144
170100	195.02254345834808
170200	195.11389240639983
170300	195.23446230443733
170400	195.35086444921035
170500	195.46211184584172
170600	195.58492500720968
170700	195.70300981901892
170800	195.83209890745638
170900	195.985614014593
171000	196.11630515810248
171100	196.24400993361633
171200	196.37708624474544
171300	196.50378077407368
171400	196.63420129073347
171500	196.76077202784654
171600	196.87479734108638
171700	196.99103383938927
171800	197.12632522467538
171900	197.26086547764135
172000	197.4050032667219
172100	197.5356949388297
172200	197.67453195376947
172300	197.80814233702404
172400	197.93345959301587
172500	198.06050324279204
172600	198.19383563456722
172700	198.3054379956593
172800	198.41485041050328
172900	198.5108934079617
173000	198.6044321219524
173100	198.70370768967769
173200	198.78655310462273
173300	198.87292733117283
173400	198.94421844727913
173500	199.0173768054956
173600	199.090991125624
173700	199.16635418252554
173800	199.23945587135313
173900	199.32197378407727
174000	199.39577027631094
174100	199.47732466176603
174200	199.550345981821
174300	199.61647473951962
174400	199.68927034535955
174500	199.7645994260929
174600	199.8495030570375
174700	199.94690242708748
174800	200.02896123997562
174900	200.11836645254516
175000	200.21269406628926
175100	200.33734150443706
175200	200.45786732031047
175300	200.580439583493
175400	200.70416659546026
175500	200.847263149637
175600	200.99199245509953
175700	201.14849656453953
175800	201.29520865859013
175900	201.4413861705907
176000	201.59113455989427
176100	201.72155654691232
176200	201.86665276221902
176300	202.01571940754366
176400	202.18306089948237
176500	202.32630396715467
176600	202.45945279680018
176700	202.58620982113644
176800	202.71114308635515
176900	202.83510740486963
177000	202.94983369528563
177100	203.07273547506702
177200	203.19656184498672
177300	203.30724045852548
177400	203.41660236103053
177500	203.51712006913294
177600	203.6249275790542
177700	203.73255674894244
177800	203.83841269206823
177900	203.93280134366796
178000	204.03755139491113
178100	204.16994604747015
178200	204.3213374998486
178300	204.4755065886311
178400	204.6300543616744
178500	204.78155854691795
178600	204.92942394460624
178700	205.08083692751825
178800	205.23619606054126
178900	205.41470120700978
179000	205.5909746610596
179100	205.7786678765042
179200	205.96357093856568
179300	206.1467665978198
179400	206.32772128638317
179500	206.5211272751112
179600	206.71212330623166
179700	206.90696916305023
179800	207.09138626396089
179900	207.2505595321236
180000	207.42691547475624
180100	207.59018542491685
180200	207.74555263346338
180300	207.90136621122656
180400	208.05471051777567
180500	208.1959763041632
180600	208.32577150301586
180700	208.4636154945947
180800	208.60765466844896
180900	208.76836062585426
181000	208.93954770880737
181100	209.11184890611912
181200	209.27372875457513
181300	209.42335321971768
181400	209.5958154676191
181500	209.80560897864416
181600	209.99543509856449
181700	210.17193435754234
181800	210.3511841887048
181900	210.5153619233788
182000	210.7215384762858
182100	210.917831737479
182200	211.12378950083075
182300	211.3365218302206
182400	211.52855673438899
182500	211.70782083346785
182600	211.86526964263976
182700	212.0042664313878
182800	212.16580747282205
182900	212.3178823008675
183000	212.47168210019663
183100	212.60722818163413
183200	212.73250513390303
183300	212.85732397958418
183400	212.9534701550656
183500	213.05616917895532
183600	213.15430168548482
183700	213.24824409030043
183800	213.3491648839481
183900	213.46464276466577
184000	213.5772145092924
184100	213.6824217573885
184200	213.79010398628452
184300	213.87168133143132
184400	213.96071999280684
184500	214.05073439344778
184600	214.14909261853973
184700	214.23446604956916
184800	214.3031948433745
184900	214.36214650084003
185000	214.43966819935667
185100	214.53546059645305
185200	214.63596405041244
185300	214.74965569226333
185400	214.85817203364059
185500	214.96814093990906
185600	215.06651823157517
185700	215.15623726185004
185800	215.25868878370966
185900	215.3520493310134
186000	215.44959812429806
186100	215.54194514285336
186200	215.63143898975613
186300	215.74246923883402
186400	215.86417579819317
186500	215.98732549867418
186600	216.1134015779826
186700	216.24270761385196
186800	216.33814380463446
186900	216.4365500366148
187000	216.53518626423102
187100	216.62642139046875
187200	216.72139208643057
187300	216.79475427579746
187400	216.86696159708663
187500	216.93816110867192
187600	217.00115629753054
187700	217.06727451053303
187800	217.16664610172302
187900	217.24472033331404
188000	217.32845394297328
188100	217.39584446867593
188200	217.463755158984
188300	217.53488324804493
188400	217.59984196817823
188500	217.64098040271347
188600	217.70939398610426
188700	217.7567867998696
188800	217.81454835930344
188900	217.8667620090273
189000	217.94068397998853
189100	218.0086192235176
189200	218.10416978405556
189300	218.21190841309726
189400	218.30403904361083
189500	218.38853862980613
189600	218.49383162457525
189700	218.62345188092877
189800	218.75847211729706
189900	218.90060217858627
190000	219.02506119806276
190100	219.13368403914865
190200	219.2512046309639
190300	219.37312004248815
190400	219.49388523695598
190500	219.61186602213274
190600	219.7326046156486
190700	219.86293176726394
190800	219.99699016444356
190900	220.1202235917517
191000	220.24068327893838
191100	220.35264816203926
191200	220.4670951858825
191300	220.5752671035989
191400	220.68760307156845
191500	220.79691651403846
191600	220.89871212202343
191700	220.9986243981366
191800	221.09187386507983
191900	221.17634321041987
192000	221.27112713143288
192100	221.37561974968776
192200	221.46619219083732
192300	221.54407125977377
192400	221.63227500223365
192500	221.71459245934966
192600	221.8139335623673
192700	221.91237596895735
192800	221.99195382344988
192900	222.0699467862505
193000	222.13904072278456
193100	222.18984152949997
193200	222.24002341300002
193300	222.2700601268698
193400	222.31452156678642
193500	222.37853596561763
193600	222.435933347635
193700	222.53796517812953
193800	222.6325990600053
193900	222.729571523927
194000	222.8438276027009
194100	222.96976744429412
194200	223.0908283796889
194300	223.2113292044196
194400	223.32661252938124
194500	223.44639941391142
194600	223.55611942123141
194700	223.64859776312005
194800	223.7426148966988
194900	223.83560764349022
195000	223.91349484406237
195100	224.02694601998155
195200	224.1532877435602
195300	224.29425230896595
195400	224.43151764847062
195500	224.54916658076763
195600	224.65036095642427
195700	224.74886257660546
195800	224.85344966613775
195900	224.97626911511543
196000	225.1121938829565
196100	225.26258226287973
196200	225.4118053829152
196300	225.56737784946745
196400	225.70663561580295
196500	225.8451803833268
196600	225.98181978159846
196700	226.13057596173167
196800	226.26466657863057
196900	226.3688641576773
197000	226.47732695873856
197100	226.57907239340784
197200	226.6856712716435
197300	226.82511393362438
197400	226.9445984965605
197500	227.04674936625452
197600	227.18926515688145
197700	227.3287825921252
197800	227.4582685338064
197900	227.62196186972142
198000	227.78364012969905
198100	227.9382408759593
198200	228.08747324557407
198300	228.22270274782932
198400	228.35986523684915
198500	228.51577351268133
198600	228.6684763797748
198700	228.8347394870725
198800	229.02095057937913
198900	229.20372543637495
199000	229.4041572216338
199100	229.60066454735352
199200	229.76942777587465
199300	229.92418497428662
199400	230.06698935902386
199500	230.2154976673446
199600	230.38093184717582
199700	230.53362847288372
199800	230.65933570077323
199900	230.79973326194158
200000	230.93637404154288
200100	231.05048681289918
200200	231.15141722823682
200300	231.2670714031956
200400	231.40417010677993
200500	231.56728398666746
200600	231.7117062842044
200700	231.85523013271086
200800	232.01426189225458
200900	232.19258842000272
201000	232.4013983939767
201100	232.61146404844476
201200	232.84447643457315
201300	233.0794454978859
201400	233.31259943574332
201500	233.5493170853806
201600	233.76298855468121
201700	233.98045955761336
201800	234.1858902903914
201900	234.39038799374612
202000	234.60899758051528
202100	234.81946704116126
202200	235.02386164703057
202300	235.2122804480532
202400	235.40341569120937
202500	235.59264446036104
202600	235.7738347751765
202700	235.96412735986814
202800	236.16027257580936
202900	236.3511142401403
203000	236.51591060418286
203100	236.66571223856954
203200	236.82242215285805
203300	236.9498411931272
203400	237.06368581348943
203500	237.19803970536304
203600	237.3369854972516
203700	237.44426019177627
203800	237.57023268691046
203900	237.6902180500001
204000	237.79630625218851
204100	237.92218925808265
204200	238.0736283931583
204300	238.22833248200914
204400	238.37846880934376
204500	238.5338399779539
204600	238.6758930907199
204700	238.79484715848957
204800	238.922882975854
204900	239.04997108660245
205000	239.16655260116022
205100	239.30860288330587
205200	239.45221777981715
205300	239.56605207168104
205400	239.68608904309076
205500	239.81411564652808
205600	239.9458120132913
205700	240.0823990663339
205800	240.23441538875704
205900	240.37971600079982
206000	240.52324777860122
206100	240.67993926313284
206200	240.7971255131415
206300	240.90416011272464
206400	241.02022016163392
206500	241.1405520792905
206600	241.26032841212873
206700	241.37641798010372
206800	241.52271827475852
206900	241.69588809894412
207000	241.86647972794162
207100	242.0265101500081
207200	242.1556152085359
207300	242.29345771085718
207400	242.41403171471393
207500	242.52066122751057
207600	242.64653007750894
207700	242.76994596942677
207800	242.9152281452516
207900	243.08979670142799
208000	243.26316484359995
208100	243.43432441698315
208200	243.56707472351263
208300	243.69423102233122
208400	243.83299464559605
208500	243.99052423600006
208600	244.19331029322348
208700	244.42011928734792
208800	244.65210118232426
208900	244.9001304649537
209000	245.14793206482136
209100	245.3944001382879
209200	245.66049344480416
209300	245.8917323693604
209400	246.10026509332238
209500	246.29487937392332
209600	246.45971434238163
209700	246.65254361301777
209800	246.86267632081217
209900	247.1102817939245
210000	247.35179329758466
210100	247.61319607148107
210200	247.86590900060037
210300	248.06162821643738
210400	248.28334882840863
210500	248.5372408000112
210600	248.82655905588035
210700	249.09540603101777
210800	249.35736677662862
210900	249.6392111573914
211000	249.912954077452
211100	250.23294215558053
211200	250.54578778548967
211300	250.8832299842652
211400	251.2416612097768
211500	251.6052671800062
211600	252.01061748501525
211700	252.447434738031
211800	252.8747845224134
211900	253.317918389439
212000	253.72204641209828
212100	254.12626352501684
212200	254.52526658966963
212300	254.8875249377852
212400	255.22791583050275
212500	255.5787938826761
212600	255.91520116313768
212700	256.2270436733379
212800	256.540676652221
212900	256.8290729423461
213000	257.11799555014295
213100	257.3956709682607
213200	257.7163842089867
213300	258.04347320542365
213400	258.4164302263889
213500	258.74669590026315
213600	259.0717257313954
213700	259.3621865808818
213800	259.64986490481533
213900	259.9035579621632
214000	260.16922121958123
214100	260.45464871489094
214200	260.7554468485505
214300	261.03567661311536
214400	261.30660694719336
214500	261.593057060345
214600	261.89766267484083
214700	262.22815931873265
214800	262.5951966079847
214900	262.9621667844731
215000	263.3112752074194
215100	263.6593480379124
215200	264.01869442840325
215300	264.3324533472769
215400	264.6149423534989
215500	264.90744753886247
215600	265.1992452378072
215700	265.4619294666045
215800	265.68959645314317
215900	265.92271396272554
216000	266.1490241805768
216100	266.40937172437407
216200	266.6511153379688
216300	266.8434591029145
216400	267.0213207711822
216500	267.1535836527655
216600	267.2796173734823
216700	267.3903949096202
216800	267.4879891643177
216900	267.5870383219117
217000	267.6837173292806
217100	267.81081604342035
217200	267.9467455229351
217300	268.094069605213
217400	268.21007184377595
217500	268.33120469949426
217600	268.4227912166825
217700	268.53002327287686
217800	268.633175457795
217900	268.75344226011293
218000	268.8295398379305
218100	268.86612138316195
218200	268.888941854133
218300	268.92679762855187
218400	269.0057181193297
218500	269.05538474866626
218600	269.0913909678602
218700	269.1778978122893
218800	269.3244865219094
218900	269.3917394501332
219000	269.40448893580106
219100	269.4098815321486
219200	269.421087189181
219300	269.4449170122243
219400	269.46540927770184
219500	269.4962466799916
219600	269.53476156117904
219700	269.53043013843126
219800	269.4568645549516
219900	269.4274953344866
220000	269.41399558058765
220100	269.43888685702404
220200	269.4514703738678
220300	269.46988357532973
220400	269.47415879020264
220500	269.50106021291504
220600	269.5514460410741
220700	269.57435740071014
220800	269.5867695926754
220900	269.6429952589715
221000	269.69191183146904
221100	269.7089367332592
221200	269.7413556854699
221300	269.73222338499545
221400	269.7705204128615
221500	269.7749481714782
221600	269.77390389380525
221700	269.80516779224854
221800	269.8117221479988
221900	269.8301969229651
222000	269.8464173220309
222100	269.83271358253114
222200	269.8867212174446
222300	269.89602342544094
222400	269.98519063639105
222500	270.0922645515602
222600	270.2417807193451
222700	270.37747571216096
222800	270.456694696848
222900	270.49525929442825
223000	270.5497181841929
223100	270.4673464326406
223200	270.3234136716346
223300	270.1989584269322
223400	270.11314290065275
223500	270.0683467934359
223600	270.0434325320857
223700	269.98670143514755
223800	269.935791415337
223900	269.91093135135816
224000	269.9145588719912
224100	269.88538542486276
224200	269.9108397863856
224300	269.863499028168
224400	269.834934776336
224500	269.79880740949375
224600	269.80061405190645
224700	269.86962388583197
224800	269.93776801463173
224900	270.05124055473425
225000	270.16375568359945
225100	270.26648308354197
225200	270.3159515945554
225300	270.3585177766872
225400	270.34071718614723
225500	270.4025203415986
225600	270.45988214369936
225700	270.47466636457466
225800	270.4839039324215
225900	270.48762214202725
226000	270.4486597337236
226100	270.4556868899672
226200	270.4908838891388
226300	270.52602711062355
226400	270.54652565586
226500	270.59348712045903
226600	270.5883958134509
226700	270.59734821322127
226800	270.6079682074633
226900	270.6185220566549
227000	270.6017300440508
227100	270.5047057460324
227200	270.45114916507373
227300	270.4177770589886
227400	270.4085518735192
227500	270.4083895864678
227600	270.42368549136154
227700	270.477101808945
227800	270.5069470105409
227900	270.50606714023525
228000	270.57177244307604
228100	270.58063822586337
228200	270.5472072533703
228300	270.54540636786624
228400	270.54462036253244
228500	270.55980375834406
228600	270.61184835126915
228700	270.6173010270795
228800	270.64494840656334
228900	270.703898299118
229000	270.7477436242043
229100	270.76899213948855
229200	270.79965532909046
229300	270.8104464234093
229400	270.85785771517476
229500	270.94786838733853
229600	271.071766082674
229700	271.17592820725986
229800	271.3199880633947
229900	271.4900098791368
230000	271.61661879437816
230100	271.76107295648035
230200	271.9086080817142
230300	272.0330800282791
230400	272.1177598791037
230500	272.29760225760765
230600	272.4304362763505
230700	272.61757075610876
230800	272.9025431949558
230900	273.18504367760033
231000	273.44262654859995
231100	273.6667738021897
231200	273.8739731914684
231300	274.09308785608664
231400	274.25194504375395
231500	274.42244521503017
231600	274.53849119585357
231700	274.6556401809212
231800	274.7358645236345
231900	274.78921048049233
232000	274.7483158075338
232100	274.7055898420331
232200	274.68280059069
232300	274.6355964694958
232400	274.5600029996349
232500	274.41003657113833
232600	274.2228390353266
232700	274.05188302474926
232800	273.83965571564477
232900	273.5990389567851
233000	273.3129906154718
233100	273.0870866278965
233200	272.86801874507364
233300	272.7134642191595
233400	272.49217011359724
233500	272.2097422028746
233600	271.95608674451796
233700	271.6964312538439
233800	271.4891614813969
233900	271.2876395764433
234000	271.0442636864209
234100	270.79735176284885
234200	270.63538492717635
234300	270.3611311333407
234400	270.12972926472867
234500	269.79489840880706
234600	269.54242050163157
234700	269.27245402011977
234800	268.9578011766753
234900	268.42667244136464
235000	267.9060630050262
235100	267.18917328889074
235200	266.5133798547722
235300	265.8328990252121
235400	265.1618801666409
235500	264.4030244779897
235600	263.5794688698188
235700	262.694788803572
235800	261.8417562578252
235900	260.88350728019213
236000	259.9624448277973
236100	258.9855647809891
236200	258.0293148124838
236300	257.1338181489955
236400	256.2152716916062
236500	255.22471615968607
236600	254.1645223981286
236700	253.07114246200217
236800	252.00807684887695
236900	251.04473852903175
237000	250.1448437425679
237100	249.04869148660873
237200	248.07280490157063
237300	247.18490514293444
237400	246.17538570546458
237500	245.1376645084565
237600	244.12417106809517
237700	243.26197552319718
237800	242.4203699020254
237900	241.45413484317396
238000	240.64122860851785
238100	239.89751432711273
238200	239.24547393629837
238300	238.61553108028602
238400	237.85714956619995
238500	236.89598344829938
238600	236.00256027674914
238700	235.21725651791712
238800	234.49711506857784
238900	233.7125871804892
239000	232.9926746193123
239100	232.03157704921978
239200	231.08893446598813
239300	230.17355887382655
239400	229.1888470865415
239500	228.1103345159354
239600	227.11017340066974
239700	226.1873422946046
239800	225.19660952579216
239900	224.21971506324553
240000	223.2954596717027
240100	222.2069402117777
240200	221.1330003453986
240300	220.2251354320906
240400	219.32293826706155
240500	218.34688981652653
240600	217.45546753176677
240700	216.83900797820024
240800	216.09621755440094
240900	215.20247896423461
241000	214.30436883529183
241100	213.08397627001614
241200	211.96220914390506
241300	210.6799689025902
241400	209.59971132209103
241500	208.65565846464233
241600	207.4974285572025
241700	206.29547756180546
241800	204.71892467470025
241900	202.96330270883846
242000	201.30679296230664
242100	199.70639420420775
242200	198.00561993800147
242300	196.72569744946304
242400	195.62466361904444
242500	194.4864394768265
242600	193.44626741862157
242700	192.2932141021629
242800	191.15349089918163
242900	190.3250582128021
243000	189.36770866946244
243100	188.37241646847178
243200	187.1672852189986
243300	186.3714688604232
243400	185.4209043883311
243500	184.49003202292806
243600	183.24060923391517
243700	182.34934820735361
243800	181.04846404380078
243900	179.66826521066469
244000	178.04010850447958
244100	176.3746162914722
244200	174.638075931598
244300	173.34295582588675
244400	171.86741239966796
244500	170.90962445196783
244600	169.71438805898288
244700	168.10400198465504
244800	166.81695263183065
244900	164.77441628631277
245000	163.43432146178384
245100	161.9181393999097
245200	160.42871184329488
245300	159.14616061613197
245400	158.13626138046675
245500	156.39909176698347
245600	154.8808036183982
245700	153.831138040754
245800	152.37741346018083
245900	149.6867137328736
246000	147.66190353713682
246100	146.0133929864969
246200	147.21639892246094
246300	147.89436952086908
246400	147.4887734139338
246500	147.21602267154958
246600	146.88725552366668
246700	147.80746283358894
246800	148.19603889994323
