MCS	AvgNutrientConcentration	AvgUptake
0	99.90990676193238	0.05333333333333335
100	91.34223614071655	0.05333333333333335
200	83.59013611587524	0.05333333333333335
300	76.5759407350769	0.05333333333333335
400	70.22944451312256	0.05333333333333335
500	64.48705849716187	0.05333333333333335
600	59.29091901412964	0.05333333333333335
700	54.589329621520996	0.05333333333333335
800	50.33523202320862	0.05333333333333335
900	46.48603498783874	0.05333333333333335
1000	43.00317884677124	0.05333333333333335
1100	39.8517887648468	0.05333333333333335
1200	37.00030962072754	0.05333333333333335
1300	34.420187466522215	0.05333333333333335
1400	32.08557130823517	0.05333333333333335
1500	29.973268234176636	0.05333333333333335
1600	28.061963185493468	0.05333333333333335
1700	26.332505719566345	0.05333333333333335
1800	24.767578059539794	0.05333333333333335
1900	23.35150311755371	0.05333333333333335
2000	22.07012982144165	0.05333333333333335
2100	20.91062689278412	0.05333333333333335
2200	19.861397164985657	0.05333333333333335
2300	18.91193371709442	0.05333333333333335
2400	18.05272476281357	0.05333333333333335
2500	17.275206421913147	0.05333333333333335
2600	16.571581523654938	0.05333333333333335
2700	15.934831285209656	0.05333333333333335
2800	15.358562806156158	0.05333333333333335
2900	14.837041165748596	0.05333333333333335
3000	14.365043961601257	0.05333333333333335
3100	13.937858614852905	0.05333333333333335
3200	13.551232174373627	0.05333333333333335
3300	13.201282725624084	0.05333333333333335
3400	12.884528849079132	0.05333333333333335
3500	12.597799829998017	0.05333333333333335
3600	12.33824909205246	0.05333333333333335
3700	12.103285939857482	0.05333333333333335
3800	11.890568024818421	0.05333333333333335
3900	11.697983152935029	0.05333333333333335
4000	11.523603797929765	0.05333333333333335
4100	11.365702794488907	0.05333333333333335
4200	11.222705633358002	0.05333333333333335
4300	11.0932029930439	0.05333333333333335
4400	10.975908976856232	0.05333333333333335
4500	10.869647221302033	0.05333333333333335
4600	10.773374198310853	0.05333333333333335
4700	10.686150968133926	0.05333333333333335
4800	10.607103860628127	0.056250000000000015
4900	10.535426880060196	0.056250000000000015
5000	10.470445713249207	0.056250000000000015
5100	10.411508965400696	0.056250000000000015
5200	10.358028470069886	0.056250000000000015
5300	10.309510517318726	0.056250000000000015
5400	10.265461925104141	0.056250000000000015
5500	10.225487945384979	0.056250000000000015
5600	10.1891762663517	0.056250000000000015
5700	10.156185503482819	0.056250000000000015
5800	10.126188543693543	0.056250000000000015
5900	10.098915557491303	0.056250000000000015
6000	10.07411304278946	0.056250000000000015
6100	10.051523519817353	0.056250000000000015
6200	10.030947279388428	0.056250000000000015
6300	10.01219668144989	0.056250000000000015
6400	9.995087180624008	0.056250000000000015
6500	9.97947367899704	0.056250000000000015
6600	9.965215450244903	0.056250000000000015
6700	9.952177756896972	0.056250000000000015
6800	9.94024209418106	0.056250000000000015
6900	9.929304964139938	0.056250000000000015
7000	9.919270814565659	0.056250000000000015
7100	9.910058156370162	0.056250000000000015
7200	9.901582247154236	0.056250000000000015
7300	9.893781207439423	0.056250000000000015
7400	9.886583018360138	0.056250000000000015
7500	9.879939167625427	0.056250000000000015
7600	9.87379171643257	0.056250000000000015
7700	9.868062398597717	0.06176470588235296
7800	9.862698019935609	0.06176470588235296
7900	9.857679511798858	0.06176470588235296
8000	9.852992754610062	0.06176470588235296
8100	9.848604137584687	0.06176470588235296
8200	9.844476479703903	0.06176470588235296
8300	9.84058160666275	0.06176470588235296
8400	9.836900594148636	0.06176470588235296
8500	9.833417587263106	0.06176470588235296
8600	9.830061060789108	0.06578947368421055
8700	9.826829080158234	0.06578947368421055
8800	9.823734062988281	0.06578947368421055
8900	9.820750568195344	0.06578947368421055
9000	9.817876329023361	0.06578947368421055
9100	9.815095715274811	0.06578947368421055
9200	9.812387009885787	0.06578947368421055
9300	9.809749348453522	0.06578947368421055
9400	9.80718968083763	0.06578947368421055
9500	9.804695440355301	0.06578947368421055
9600	9.802256446201325	0.06578947368421055
9700	9.799878292329788	0.06578947368421055
9800	9.797540955228806	0.06578947368421055
9900	9.795243957637787	0.06578947368421055
10000	9.7929865569458	0.06578947368421055
10100	9.790763050085067	0.06578947368421055
10200	9.788567139822007	0.06578947368421055
10300	9.786407257013321	0.06578947368421055
10400	9.78426786538124	0.06578947368421055
10500	9.782149288974763	0.06578947368421055
10600	9.780061503536224	0.06578947368421055
10700	9.777985293235778	0.06578947368421055
10800	9.775929517256737	0.06578947368421055
10900	9.773876155125619	0.06578947368421055
11000	9.771845066907883	0.06578947368421055
11100	9.769829724123001	0.06578947368421055
11200	9.767834843885423	0.06578947368421055
11300	9.765839461572646	0.06578947368421055
11400	9.76384142391491	0.06904761904761908
11500	9.76178683343315	0.06904761904761908
11600	9.759737400437356	0.06904761904761908
11700	9.757671324790001	0.06904761904761908
11800	9.755601138307572	0.06904761904761908
11900	9.753519347509384	0.06904761904761908
12000	9.751429552416802	0.06904761904761908
12100	9.74933537826538	0.06904761904761908
12200	9.747225926118851	0.06904761904761908
12300	9.74506142697525	0.07400000000000004
12400	9.742799549743653	0.07400000000000004
12500	9.740500553247452	0.07400000000000004
12600	9.738154615390778	0.07400000000000004
12700	9.73578901539421	0.07400000000000004
12800	9.733385211602211	0.07400000000000004
12900	9.730956956746102	0.07400000000000004
13000	9.72854310199356	0.07400000000000004
13100	9.726193903895378	0.07400000000000004
13200	9.723899326013566	0.07400000000000004
13300	9.721653728258133	0.07400000000000004
13400	9.719470305015564	0.07400000000000004
13500	9.71732362728691	0.07400000000000004
13600	9.715224236104966	0.07400000000000004
13700	9.713167440151215	0.07400000000000004
13800	9.711151352980613	0.07400000000000004
13900	9.709180256461144	0.07400000000000004
14000	9.707241597283364	0.07400000000000004
14100	9.705326891345024	0.07400000000000004
14200	9.703440629288673	0.07400000000000004
14300	9.701575324640274	0.07400000000000004
14400	9.699738411852836	0.07400000000000004
14500	9.697913680644989	0.07400000000000004
14600	9.69610815808773	0.07400000000000004
14700	9.694312114477158	0.07400000000000004
14800	9.692538378499984	0.07400000000000004
14900	9.690787772701263	0.07400000000000004
15000	9.689042167552948	0.07400000000000004
15100	9.68731706004715	0.07400000000000004
15200	9.685494751476288	0.07758620689655177
15300	9.683629710035325	0.07758620689655177
15400	9.681730319450379	0.07758620689655177
15500	9.679809202310562	0.07758620689655177
15600	9.677865976942062	0.07758620689655177
15700	9.675899387168885	0.07758620689655177
15800	9.673918605652808	0.07758620689655177
15900	9.67190724448967	0.07758620689655177
16000	9.669838348095894	0.08088235294117652
16100	9.667554143101215	0.08243243243243249
16200	9.665186095999717	0.08243243243243249
16300	9.662746462206364	0.08243243243243249
16400	9.66021370209551	0.08243243243243249
16500	9.65760336087942	0.08243243243243249
16600	9.654934111580372	0.08243243243243249
16700	9.652224226072311	0.08243243243243249
16800	9.649470701293469	0.08243243243243249
16900	9.646662003675461	0.08243243243243249
17000	9.64383003117752	0.08243243243243249
17100	9.640952539463997	0.08243243243243249
17200	9.638051319303036	0.08243243243243249
17300	9.635129744984626	0.08243243243243249
17400	9.632195650776387	0.08243243243243249
17500	9.629260128120423	0.08243243243243249
17600	9.626286196395398	0.08243243243243249
17700	9.623328254645347	0.08243243243243249
17800	9.62035272223568	0.08243243243243249
17900	9.617381131319046	0.08243243243243249
18000	9.614406912987231	0.08243243243243249
18100	9.611427515626907	0.08243243243243249
18200	9.608426524755478	0.08243243243243249
18300	9.605447131317616	0.08243243243243249
18400	9.602452948638916	0.08243243243243249
18500	9.599475955045223	0.08243243243243249
18600	9.596511497772694	0.08243243243243249
18700	9.593558646059513	0.08243243243243249
18800	9.590612676778793	0.08243243243243249
18900	9.587494647560597	0.08555555555555562
19000	9.584275463673592	0.08555555555555562
19100	9.581007933929444	0.08555555555555562
19200	9.577687726181031	0.08555555555555562
19300	9.574351160961628	0.08555555555555562
19400	9.570973197481631	0.08555555555555562
19500	9.56754288376379	0.08555555555555562
19600	9.56407824728632	0.08555555555555562
19700	9.560567476234914	0.08750000000000001
19800	9.556832654855251	0.08934426229508192
19900	9.552913150541306	0.08934426229508192
20000	9.548817668736934	0.08934426229508192
20100	9.544589037246704	0.08934426229508192
20200	9.540200850146771	0.08934426229508192
20300	9.535674957337855	0.08934426229508192
20400	9.531012888376235	0.08934426229508192
20500	9.526252935993195	0.08934426229508192
20600	9.521344508874893	0.08934426229508192
20700	9.516355476923943	0.08934426229508192
20800	9.511280692588807	0.08934426229508192
20900	9.506148796638012	0.08934426229508192
21000	9.500963224375726	0.08934426229508192
21100	9.495692083043576	0.08934426229508192
21200	9.49038935337305	0.08934426229508192
21300	9.485034330530167	0.08934426229508192
21400	9.479663909275532	0.08934426229508192
21500	9.47425673102665	0.08934426229508192
21600	9.468823629571437	0.08934426229508192
21700	9.46338895115757	0.08934426229508192
21800	9.457930862735271	0.08934426229508192
21900	9.452446501592636	0.08934426229508192
22000	9.446945019084454	0.08934426229508192
22100	9.441400845957755	0.08934426229508192
22200	9.43582490773201	0.08934426229508192
22300	9.43022742232132	0.08934426229508192
22400	9.424598526841164	0.08934426229508192
22500	9.41900712848568	0.08934426229508192
22600	9.413350599082946	0.09133333333333324
22700	9.407546516888619	0.09155844155844145
22800	9.401517165357589	0.09155844155844145
22900	9.395351360310555	0.09155844155844145
23000	9.38906974645567	0.09155844155844145
23100	9.382626069158555	0.09155844155844145
23200	9.376014930926322	0.09155844155844145
23300	9.36930633095789	0.09155844155844145
23400	9.362518529559612	0.09155844155844145
23500	9.355409890415192	0.09362745098039199
23600	9.34803941686678	0.09403669724770625
23700	9.340438151792526	0.09403669724770625
23800	9.332487946249485	0.09403669724770625
23900	9.324223372998715	0.09403669724770625
24000	9.315744645256997	0.09403669724770625
24100	9.306970261667729	0.09403669724770625
24200	9.297921928912162	0.09403669724770625
24300	9.288617694172382	0.09403669724770625
24400	9.279201060304642	0.09403669724770625
24500	9.269605047523498	0.09403669724770625
24600	9.259824211027146	0.09403669724770625
24700	9.24980350022745	0.09403669724770625
24800	9.239660141271115	0.09403669724770625
24900	9.229441002786636	0.09403669724770625
25000	9.219165398068428	0.09403669724770625
25100	9.208786607598782	0.09403669724770625
25200	9.19826696504736	0.09403669724770625
25300	9.187718040678025	0.09403669724770625
25400	9.177078592762948	0.09403669724770625
25500	9.16646530144596	0.09403669724770625
25600	9.155788213014127	0.09403669724770625
25700	9.14502797377777	0.09403669724770625
25800	9.13414002379465	0.09403669724770625
25900	9.123239172784805	0.09403669724770625
26000	9.11241323088169	0.09403669724770625
26100	9.101438966073037	0.09403669724770625
26200	9.090501714623452	0.09403669724770625
26300	9.07952663152504	0.09424778761061928
26400	9.068130211591244	0.0952205882352939
26500	9.056640502683162	0.09539007092198559
26600	9.045006842084408	0.09539007092198559
26700	9.033145947158813	0.09539007092198559
26800	9.021018893967629	0.09539007092198559
26900	9.008695448539257	0.09539007092198559
27000	8.996144290597439	0.09539007092198559
27100	8.983496343642235	0.09539007092198559
27200	8.970478757389069	0.09613095238095216
27300	8.956762327311516	0.09648648648648642
27400	8.942792926739692	0.09659685863874343
27500	8.928394532610417	0.09659685863874343
27600	8.913564980938435	0.0966321243523316
27700	8.898407240246296	0.09668367346938778
27800	8.882977152398109	0.09668367346938778
27900	8.86719187364769	0.09670050761421321
28000	8.851139878286839	0.09670050761421321
28100	8.834987141927241	0.09673366834170857
28200	8.81863444949913	0.0967661691542289
28300	8.802154515607834	0.09681372549019615
28400	8.785499254308224	0.09681372549019615
28500	8.768706619626998	0.09681372549019615
28600	8.751685588404179	0.09681372549019615
28700	8.734438685162067	0.09681372549019615
28800	8.717132745004177	0.09681372549019615
28900	8.699672086702824	0.09681372549019615
29000	8.682102128032684	0.09681372549019615
29100	8.664487305529594	0.09681372549019615
29200	8.646741175144195	0.09681372549019615
29300	8.628817735703468	0.09681372549019615
29400	8.61089624914503	0.09681372549019615
29500	8.592930060255528	0.09681372549019615
29600	8.574885417141438	0.09681372549019615
29700	8.55673744406414	0.09681372549019615
29800	8.538497857427597	0.09681372549019615
29900	8.520231794124603	0.096829268292683
30000	8.50195424062109	0.096829268292683
30100	8.483328191542626	0.0971982758620692
30200	8.46426344255352	0.09730290456431563
30300	8.444987006493092	0.09735772357723607
30400	8.425409609974862	0.09737903225806482
30500	8.405632348612308	0.09738955823293204
30600	8.385581051928042	0.09740000000000032
30700	8.365266554503918	0.09743083003952602
30800	8.344796218549252	0.0974409448818901
30900	8.324121627765178	0.09753787878787916
31000	8.302381930170059	0.09794952681388068
31100	8.280082019841194	0.09798136645962789
31200	8.257528594159604	0.09800613496932573
31300	8.234549160301208	0.09802431610942308
31400	8.21112826066494	0.09805970149253791
31500	8.187410865451335	0.09806547619047679
31600	8.163462392491818	0.09807692307692369
31700	8.139218666791916	0.09810495626822219
31800	8.114690121884824	0.09811594202898613
31900	8.089915878552913	0.09812138728323762
32000	8.06492000987196	0.09812680115273838
32100	8.039706937154293	0.09812680115273838
32200	8.014442565146924	0.09813218390804661
32300	7.989002784566879	0.09814285714285778
32400	7.9634320058994295	0.09814285714285778
32500	7.937763426981449	0.09814814814814879
32600	7.911934165641784	0.09814814814814879
32700	7.885986816774845	0.09814814814814879
32800	7.860135240179062	0.09814814814814879
32900	7.834252963751316	0.09814814814814879
33000	7.808257796031952	0.09815340909090974
33100	7.782157229739666	0.09815340909090974
33200	7.755954054255962	0.09815340909090974
33300	7.729667580011368	0.09815864022662954
33400	7.703234624077797	0.09816384180791023
33500	7.676739424500942	0.09831460674157368
33600	7.650165717929363	0.09832402234636936
33700	7.623445956027985	0.09832402234636936
33800	7.59656432384634	0.09841269841269909
33900	7.56885272518301	0.09850374064837977
34000	7.541045492490292	0.0985401459854022
34100	7.51303437076807	0.09855769230769305
34200	7.4848610094637875	0.09857142857142932
34300	7.4565033617649075	0.09857819905213346
34400	7.427898254747868	0.0985882352941184
34500	7.399095187623978	0.09859484777517641
34600	7.370088269163132	0.09859813084112226
34700	7.340377391002178	0.09874739039666054
34800	7.309793727170467	0.09880715705765494
34900	7.278848879176617	0.09882583170254491
35000	7.247604618137837	0.09884393063583903
35100	7.215945677108764	0.09885496183206195
35200	7.183842637633323	0.09887218045112872
35300	7.151278840772152	0.09887640449438292
35400	7.118322770626068	0.098890942698707
35500	7.084839678519249	0.09889298892989021
35600	7.050906745409965	0.09890510948905201
35700	7.01666629300499	0.09890710382513752
35800	6.982170965075493	0.09891107078040019
35900	6.947601302571297	0.09892473118279663
36000	6.912794777766704	0.09893428063943255
36100	6.877795611217499	0.09893805309734606
36200	6.842774528356552	0.09893992932862283
36300	6.807642958772659	0.09893992932862283
36400	6.772453168440342	0.09894366197183192
36500	6.737189141860485	0.09894736842105356
36600	6.701882031291961	0.09894921190893263
36700	6.666542690606594	0.09895104895104989
36800	6.631140624512672	0.09895104895104989
36900	6.595662757930755	0.09895287958115277
37000	6.560301252921581	0.09895287958115277
37100	6.5247847455615995	0.09895287958115277
37200	6.48935579882145	0.09895287958115277
37300	6.453946970014095	0.09895287958115277
37400	6.4181602512731555	0.09895470383275355
37500	6.382243114201069	0.09896013864818118
37600	6.345417096067905	0.09903381642512174
37700	6.308236204266072	0.0990551181102372
37800	6.270866456254959	0.09906396255850333
37900	6.233386748824596	0.09908256880734036
38000	6.195831094311714	0.09908952959028917
38100	6.158162712283612	0.09909090909090994
38200	6.120450174024582	0.0990936555891247
38300	6.0826517695612905	0.09909909909909989
38400	6.0445487410750385	0.09921203438395464
38500	6.004985109055996	0.0992627345844505
38600	5.965041946693897	0.09927916120576667
38700	5.924770167149544	0.0992857142857142
38800	5.884361980246067	0.0992894056847544
38900	5.843415225028992	0.09929936305732465
39000	5.8022078766412735	0.09930555555555531
39100	5.760809169491768	0.09930991217063963
39200	5.718899267709255	0.09931592039800963
39300	5.676552157707214	0.09931846344485715
39400	5.634147384031772	0.0993218249075212
39500	5.591565336974144	0.09932515337423273
39600	5.548835443737507	0.09932762836185777
39700	5.506065730861664	0.0993292682926825
39800	5.463314788913727	0.09933090024330855
39900	5.420498126571656	0.0993325242718442
40000	5.377560111977577	0.09933574879227006
40100	5.334564351282596	0.09933973589435723
40200	5.29148618790102	0.09934052757793713
40300	5.248259572974205	0.09934131736526894
40400	5.2050418550319675	0.09934131736526894
40500	5.161780703056335	0.09934210526315737
40600	5.118550487975121	0.09934367541766055
40700	5.075266135039329	0.09934601664684843
40800	5.031843145899296	0.09934834123222691
40900	4.988352074757576	0.09934988179668972
41000	4.944999808458328	0.09935064935064876
41100	4.901436930866718	0.09935217903415722
41200	4.8576108380045895	0.09935294117646998
41300	4.81319530789423	0.09938684503901807
41400	4.767688662829399	0.09939759036144481
41500	4.721902198866844	0.09940732758620585
41600	4.676008145659447	0.09941176470588128
41700	4.629863973004341	0.09941551540913811
41800	4.5833555368452075	0.09941737288135481
41900	4.536702265995026	0.09941983122362755
42000	4.489788348444462	0.09942348008385628
42100	4.442541186837674	0.09942708333333214
42200	4.395040321499348	0.09942886812045569
42300	4.347292233745575	0.09942946058091165
42400	4.299420604584694	0.09942946058091165
42500	4.251487609130383	0.09943005181347028
42600	4.203442079424858	0.09943064182194494
42700	4.155304794324398	0.09943181818181696
42800	4.107197336341858	0.09943298969072041
42900	4.058930702323437	0.0994347379239453
43000	4.0105228184628485	0.09943762781185966
43100	3.961856984082699	0.09943934760448393
43200	3.913239699063301	0.0994399185336036
43300	3.8644457627849578	0.09944219066936988
43400	3.815540009654045	0.09944219066936988
43500	3.76683752833128	0.09944219066936988
43600	3.7183856347289086	0.09944388270980656
43700	3.6702455460972785	0.09944723618090316
43800	3.622697112799168	0.09944723618090316
43900	3.575904374261856	0.09944723618090316
44000	3.530072493476391	0.09944889779558981
44100	3.485207530424595	0.09944889779558981
44200	3.441152764667988	0.09945054945054807
44300	3.3978211525359154	0.09945054945054807
44400	3.355279380429268	0.09945109780438983
44500	3.3134100086722373	0.09945219123505837
44600	3.272186538161278	0.09945328031809005
44700	3.231593041727543	0.09945382323733723
44800	3.1915769218702317	0.09945436507936367
44900	3.1521171397151946	0.09945490584737222
45000	3.1131136241755484	0.09945598417408365
45100	3.074592510221958	0.09945598417408365
45200	3.036550333399296	0.09945598417408365
45300	2.9987563116750717	0.09945598417408365
45400	2.9613386434311866	0.09945598417408365
45500	2.924392998579979	0.09945598417408365
45600	2.8882587541909217	0.09945705824284161
45700	2.8529526900105475	0.09945759368836149
45800	2.818705865014553	0.09945759368836149
45900	2.7856822008070945	0.09945759368836149
46000	2.7537504668974875	0.09945759368836149
46100	2.7225480169663427	0.0994581280788163
46200	2.6921147195854185	0.09945919370697986
46300	2.662571240541935	0.09945919370697986
46400	2.633766853542328	0.09945919370697986
46500	2.6056200694994924	0.09945919370697986
46600	2.5780949463262557	0.09945919370697986
46700	2.55107647066164	0.09946078431372403
46800	2.5247405772271154	0.0994618395303312
46900	2.49915646698761	0.09946289062499852
47000	2.474292989839554	0.09946341463414486
47100	2.449951727993965	0.09946393762183088
47200	2.4260429453754426	0.09946393762183088
47300	2.4026160470409392	0.09946445959104037
47400	2.3797052205300333	0.09946445959104037
47500	2.3572402169394495	0.09946601941747422
47600	2.335287651015282	0.09946601941747422
47700	2.313600397547245	0.09946653734238453
47800	2.2922680705218315	0.09946653734238453
47900	2.2713033270840643	0.09946653734238453
48000	2.2507415922493936	0.09946705426356438
48100	2.2305441377253534	0.09946757018392878
48200	2.2105720841431618	0.09946757018392878
48300	2.1909472112407684	0.09946757018392878
48400	2.171651065472126	0.09946757018392878
48500	2.152781775674343	0.09946808510638146
48600	2.134519908809185	0.09946808510638146
48700	2.116980744808197	0.09946808510638146
48800	2.1000518529744148	0.09946808510638146
48900	2.083879095336914	0.0994685990338149
49000	2.068369866186142	0.09946911196911044
49100	2.0533880125279427	0.09946911196911044
49200	2.0390500385923387	0.09946962391513829
49300	2.0252006739521025	0.09947013487475762
49400	2.011886670624256	0.09947115384615231
49500	1.9991202272691726	0.09947115384615231
49600	1.9867061125650405	0.09947115384615231
49700	1.9748116498184205	0.09947115384615231
49800	1.963237351088524	0.09947166186359116
49900	1.9520242307772637	0.09947166186359116
50000	1.9410567994885444	0.09947216890594855
50100	1.9302708119854928	0.09947216890594855
50200	1.9197814695072175	0.09947216890594855
50300	1.909550644979477	0.09947216890594855
50400	1.8994461875605584	0.0994731800766268
50500	1.88941323072958	0.09947368421052476
50600	1.8795559553179741	0.09947368421052476
50700	1.8699201157627106	0.0994746895893012
50800	1.8604633515834808	0.0994746895893012
50900	1.8511451642370225	0.09947569113441215
51000	1.842037785789013	0.09947668886774343
51100	1.8330726360759735	0.09947668886774343
51200	1.8244132011847496	0.09947817836811984
51300	1.8159386301851272	0.09947916666666506
51400	1.8075393352680207	0.09947965941343263
51500	1.7992581849656104	0.09947965941343263
51600	1.7909954126682281	0.09947965941343263
51700	1.7828521088404656	0.09948162111215672
51800	1.774961721642971	0.09948210922787032
51900	1.7672472622594833	0.09948210922787032
52000	1.7595667166724205	0.09948210922787032
52100	1.7520074935002328	0.09948210922787032
52200	1.7444739138426781	0.09948210922787032
52300	1.7370102497935296	0.09948210922787032
52400	1.7295526120462417	0.09948259642521004
52500	1.7220414658913612	0.09948308270676529
52600	1.7144413576693536	0.09948308270676529
52700	1.7068865538859368	0.09948308270676529
52800	1.6994396010932922	0.09948308270676529
52900	1.6920960356516839	0.09948308270676529
53000	1.6848994407043456	0.09948308270676529
53100	1.677797957333088	0.09948308270676529
53200	1.670794342608452	0.09948356807511573
53300	1.6638484898228645	0.09948356807511573
53400	1.6569061691827773	0.09948356807511573
53500	1.650050974216461	0.09948405253283138
53600	1.6432528309612273	0.09948405253283138
53700	1.6365365175099373	0.09948453608247258
53800	1.629864261416912	0.09953139643861128
53900	1.6232423177347184	0.09953139643861128
54000	1.616710485786438	0.0995322731524773
54100	1.6102740273208618	0.0995322731524773
54200	1.603941851228237	0.09953271028037217
54300	1.5977217598323823	0.09953314659196846
54400	1.591496425116539	0.09953401677539442
54500	1.5853950502729417	0.09953445065176741
54600	1.5794043872618675	0.09953445065176741
54700	1.5735109280643462	0.09953488372092856
54800	1.5676358654284477	0.09953488372092856
54900	1.561900943939209	0.09953531598512842
55000	1.5562741804800033	0.09953617810760498
55100	1.550868025281906	0.09953617810760498
55200	1.5455769523539544	0.09953617810760498
55300	1.5405150584206582	0.09953617810760498
55400	1.5356257600736618	0.09953660797034122
55500	1.5308269591388703	0.09953703703703534
55600	1.5261908018984796	0.09953789279112583
55700	1.5217506506285667	0.09953874538745217
55800	1.5175308393993379	0.09953917050691073
55900	1.5134549159474373	0.09953917050691073
56000	1.5099449472460746	0.09953917050691073
56100	1.5070073147273064	0.09953959484346053
